10,25,7700,6300
10,25,3000,3100
10,25,2700,4300
10,25,2800,3100
10,25,16800,3200
10,25,2600,3200
10,25,2900,3400
10,25,3300,3500
10,25,2900,3300
10,25,2900,3500
10,25,2500,3000
10,25,2600,3000
10,25,2600,2900
10,25,2700,4200
10,25,2600,3100
10,25,2700,2900
10,25,2500,3000
10,25,2300,3000
10,25,2700,3000
10,25,2700,2900
10,25,3200,2900
10,25,2500,3000
10,25,2600,3000
10,25,2500,3000
10,25,2500,4300
10,25,9000,2900
10,25,6300,6500
10,25,2800,2900
10,25,2400,2800
10,25,2600,3000
10,25,2600,2900
10,25,2500,2800
10,25,2400,3000
10,25,2700,3000
10,25,2700,2900
10,25,2400,4200
10,25,2600,3000
10,25,2400,2800
10,25,2400,2900
10,25,2500,2900
10,25,2500,2800
10,25,3000,3400
10,25,3000,3100
10,25,2700,3000
10,25,2800,3100
10,25,2500,3000
10,25,2800,4400
10,25,8000,8800
10,25,2500,2900
10,25,2700,3200
10,25,2400,2800
10,25,4300,5100
10,25,4100,4500
10,25,4100,4800
10,25,4000,4900
10,25,4000,4600
10,25,4300,4500
10,25,4100,6100
10,25,4500,4700
10,25,4100,4800
10,25,3900,5200
10,25,4100,4600
10,25,4000,4800
10,25,4100,4700
10,25,4200,4600
10,25,4000,5900
10,25,4300,4600
10,25,5100,5000
10,25,4200,6400
10,25,4200,5200
10,25,4200,4700
10,25,4100,4800
10,25,4100,4800
10,25,4100,4800
10,25,4200,4600
10,25,5500,4600
10,25,4300,4700
10,25,4100,4700
10,25,4300,4800
10,25,4000,6300
10,25,4300,5500
10,25,4100,4700
10,25,4100,4600
10,25,4500,4600
10,25,4200,4600
10,25,4100,4700
10,25,5800,4800
10,25,4800,5000
10,25,4200,4600
10,25,9400,8500
10,25,3800,6000
10,25,4400,5200
10,25,4000,4800
10,25,4000,5100
10,25,3900,4700
10,25,4400,4600
10,25,2800,3100
10,25,4100,3000
10,25,2400,2900
10,25,2700,3000
10,50,2700,3500
10,50,2900,3500
10,50,3100,3600
10,50,2900,3500
10,50,2700,3500
10,50,2800,3500
10,50,3200,3700
10,50,4300,3500
10,50,2900,3500
10,50,20900,3600
10,50,2900,3800
10,50,3000,3700
10,50,2700,3400
10,50,3100,3300
10,50,2900,3800
10,50,2900,3800
10,50,2900,3600
10,50,2900,3500
10,50,9800,5200
10,50,3000,3800
10,50,3200,3900
10,50,2700,3800
10,50,2900,3400
10,50,3000,3800
10,50,3100,3700
10,50,3900,3900
10,50,3500,3900
10,50,3200,4100
10,50,3000,3700
10,50,3400,4900
10,50,3100,3700
10,50,8100,6600
10,50,3300,6400
10,50,2700,3500
10,50,2900,3500
10,50,2800,3200
10,50,2800,3300
10,50,2700,3500
10,50,2900,3600
10,50,3300,3800
10,50,3000,4800
10,50,2900,3500
10,50,2900,3600
10,50,2900,3700
10,50,2900,3500
10,50,2900,3600
10,50,2700,3600
10,50,3000,3500
10,50,2900,3700
10,50,3100,3400
10,50,2800,3700
10,50,2700,5000
10,50,2900,3800
10,50,2800,3400
10,50,2800,3500
10,50,2800,3300
10,50,4100,3700
10,50,2900,3700
10,50,3000,3900
10,50,2700,3400
10,50,3000,28100
10,50,3400,3700
10,50,3200,3700
10,50,3100,3900
10,50,2900,3500
10,50,3200,3400
10,50,2700,3400
10,50,4400,3400
10,50,2700,3500
10,50,2800,3500
10,50,3000,3900
10,50,3100,3700
10,50,3100,3500
10,50,3300,3600
10,50,2900,3500
10,50,2900,3200
10,50,2700,3600
10,50,3200,3500
10,50,4200,3500
10,50,2800,3500
10,50,3200,3400
10,50,3000,3600
10,50,3000,3900
10,50,2900,3700
10,50,2800,3600
10,50,2900,3700
10,50,3000,3500
10,50,2900,3700
10,50,3200,3600
10,50,3100,4900
10,50,3000,3600
10,50,3100,3700
10,50,2900,3700
10,50,2900,3700
10,50,2900,3600
10,50,2800,3300
10,50,2900,3400
10,50,2800,3700
10,50,2800,3600
10,50,3000,3700
10,75,3000,3800
10,75,3100,4600
10,75,3300,3500
10,75,3300,3100
10,75,5300,5200
10,75,5200,5200
10,75,5000,5500
10,75,4900,5700
10,75,4700,5100
10,75,5500,5500
10,75,4800,6000
10,75,4700,7300
10,75,4900,5600
10,75,5100,5700
10,75,4900,5300
10,75,11200,9500
10,75,4900,6000
10,75,5200,5600
10,75,4700,6300
10,75,5000,5500
10,75,4800,5800
10,75,6000,5600
10,75,4800,5500
10,75,5400,5800
10,75,4900,5300
10,75,4700,5700
10,75,4800,5800
10,75,4700,5700
10,75,3300,3300
10,75,3300,3300
10,75,3200,3300
10,75,4800,3700
10,75,3100,3100
10,75,3400,3200
10,75,3400,3500
10,75,3100,5900
10,75,3100,5900
10,75,3100,6700
10,75,3000,3500
10,75,3300,3500
10,75,3200,3300
10,75,2900,4000
10,75,3100,4600
10,75,3500,3500
10,75,2900,3500
10,75,3100,3900
10,75,3800,3600
10,75,3100,3400
10,75,3200,3600
10,75,3200,3700
10,75,2900,3400
10,75,3100,3500
10,75,3200,4800
10,75,3100,3100
10,75,3400,3300
10,75,3000,3200
10,75,3300,3700
10,75,3300,3600
10,75,3100,3800
10,75,3100,3500
10,75,3200,3600
10,75,3100,3600
10,75,4900,3600
10,75,3100,3400
10,75,3400,3500
10,75,3300,3800
10,75,3300,3700
10,75,3200,3500
10,75,3400,3300
10,75,3200,3200
10,75,3100,3300
10,75,3100,3300
10,75,4500,3500
10,75,3100,4000
10,75,3000,3400
10,75,3300,3200
10,75,3300,3100
10,75,3200,3400
10,75,3200,3500
10,75,3100,3400
10,75,3100,3500
10,75,3200,3300
10,75,3000,3400
10,75,3000,4500
10,75,2900,3900
10,75,3100,3500
10,75,3200,3600
10,75,3000,3300
10,75,3100,3700
10,75,3100,3400
10,75,3200,3400
10,75,10000,3500
10,75,4000,3600
10,75,3100,16200
10,75,4900,4000
10,75,3100,3300
10,75,3600,3900
10,75,4300,4300
10,75,3900,3700
10,75,4100,3600
10,99,10800,6400
10,99,3100,3100
10,99,4400,3000
10,99,3600,3100
10,99,3500,3100
10,99,3400,3100
10,99,3400,3000
10,99,3300,3000
10,99,3300,3000
10,99,3400,3100
10,99,3200,3100
10,99,3300,3300
10,99,3400,3100
10,99,3500,3300
10,99,3400,3000
10,99,3000,3000
10,99,3100,3000
10,99,3000,3200
10,99,3400,3100
10,99,3200,3200
10,99,3200,3000
10,99,3300,2900
10,99,3000,3000
10,99,3400,3100
10,99,3000,3100
10,99,3300,3100
10,99,3400,3000
10,99,3200,3000
10,99,3600,3200
10,99,3200,3000
10,99,16400,3100
10,99,4700,3000
10,99,4800,3200
10,99,4800,3100
10,99,4300,3100
10,99,2900,4500
10,99,3100,4400
10,99,3200,4300
10,99,3300,4400
10,99,6400,6000
10,99,3600,3100
10,99,3400,3300
10,99,3800,3200
10,99,3400,3100
10,99,3200,3100
10,99,3200,3000
10,99,3000,3100
10,99,3200,3100
10,99,3500,3400
10,99,3300,3100
10,99,3200,3200
10,99,3700,3200
10,99,3100,3100
10,99,3300,2900
10,99,3200,3000
10,99,3100,3100
10,99,3100,3200
10,99,3200,3000
10,99,3100,3100
10,99,3200,3200
10,99,3300,3100
10,99,3600,3000
10,99,3400,3100
10,99,5800,5400
10,99,3800,3500
10,99,3500,3000
10,99,3100,3000
10,99,3400,3100
10,99,3000,3000
10,99,3200,3400
10,99,3300,3200
10,99,3100,3100
10,99,3300,3100
10,99,3200,3100
10,99,3200,3200
10,99,3700,3300
10,99,3100,3200
10,99,2900,3100
10,99,4000,3200
10,99,3400,3100
10,99,3200,3000
10,99,28300,3300
10,99,3600,3300
10,99,3000,3000
10,99,8900,6400
10,99,6000,3100
10,99,3300,3000
10,99,3500,3200
10,99,3400,3000
10,99,3200,4800
10,99,3400,3200
10,99,3300,3100
10,99,3000,3200
10,99,3200,3200
10,99,3200,3000
10,99,3200,3100
10,99,3200,3200
10,99,3500,3100
10,99,3100,3000
10,99,3600,3200
20,25,7000,10100
20,25,6700,10400
20,25,7000,9200
20,25,6700,8600
20,25,6900,8900
20,25,6700,8900
20,25,6500,9200
20,25,6700,8900
20,25,6600,8900
20,25,8700,8800
20,25,7200,9300
20,25,7000,8900
20,25,7200,8600
20,25,7600,10800
20,25,6700,9100
20,25,6500,9000
20,25,6700,9000
20,25,8500,9000
20,25,6600,9000
20,25,7300,9200
20,25,12300,31000
20,25,7000,8800
20,25,7000,10200
20,25,6900,9000
20,25,7100,8600
20,25,8300,8900
20,25,6900,8800
20,25,6700,9400
20,25,7100,9100
20,25,6700,9100
20,25,8200,10300
20,25,6900,8900
20,25,6600,9000
20,25,6700,8700
20,25,6600,9000
20,25,6700,8800
20,25,6900,9000
20,25,7400,8900
20,25,6900,10300
20,25,6700,9000
20,25,8000,9400
20,25,12000,12100
20,25,8200,9000
20,25,6900,9100
20,25,7000,9200
20,25,9400,9100
20,25,11600,9000
20,25,7100,9000
20,25,6900,8900
20,25,6900,8700
20,25,6600,8800
20,25,6500,10300
20,25,6700,8800
20,25,6600,8800
20,25,14400,8900
20,25,6800,8600
20,25,6800,9200
20,25,6600,8900
20,25,6900,8900
20,25,6700,10200
20,25,7200,8900
20,25,6700,9000
20,25,7000,8600
20,25,6800,9000
20,25,7100,9000
20,25,6600,8800
20,25,6500,8600
20,25,6800,10200
20,25,7000,8700
20,25,6700,8900
20,25,6600,9000
20,25,7400,9200
20,25,6800,8700
20,25,7100,8900
20,25,7100,8800
20,25,8100,9100
20,25,7200,8700
20,25,6600,9200
20,25,6600,8700
20,25,6800,9200
20,25,6800,10300
20,25,6800,8900
20,25,7000,9000
20,25,8200,9100
20,25,6900,8800
20,25,7200,9100
20,25,7100,9100
20,25,11700,12800
20,25,6800,10200
20,25,7000,8900
20,25,6600,8600
20,25,7300,9200
20,25,7000,8900
20,25,7000,8800
20,25,6500,8900
20,25,7000,8700
20,25,7300,10200
20,25,6600,8700
20,25,6600,9200
20,25,6600,9200
20,50,7700,11500
20,50,8100,10700
20,50,7500,11000
20,50,7800,11300
20,50,8000,11000
20,50,7500,11400
20,50,7500,11500
20,50,7300,11800
20,50,7600,11100
20,50,7800,11900
20,50,8000,11900
20,50,8000,10400
20,50,8000,11300
20,50,7700,11000
20,50,7800,11200
20,50,7500,11900
20,50,17100,17400
20,50,8400,13800
20,50,7300,11700
20,50,7900,11200
20,50,7700,12000
20,50,8000,11500
20,50,8700,10800
20,50,7400,11700
20,50,7500,11800
20,50,7800,11200
20,50,8200,11900
20,50,7700,11000
20,50,7800,11500
20,50,8100,11300
20,50,7700,11100
20,50,7800,11100
20,50,10900,13600
20,50,14000,15700
20,50,7500,11600
20,50,7900,11300
20,50,8000,11200
20,50,8000,12100
20,50,7900,10600
20,50,7500,11800
20,50,7900,11400
20,50,8300,11100
20,50,7800,11000
20,50,7600,11900
20,50,12700,36700
20,50,7500,11000
20,50,7900,10200
20,50,8100,11400
20,50,7300,11100
20,50,7500,10900
20,50,7600,10800
20,50,7700,10800
20,50,7700,11000
20,50,7800,11000
20,50,8000,11600
20,50,7200,10700
20,50,7800,11200
20,50,7900,12400
20,50,8200,10600
20,50,7200,11200
20,50,7400,11300
20,50,7800,11100
20,50,7500,11100
20,50,8800,12000
20,50,7500,11900
20,50,7400,11900
20,50,8000,11400
20,50,8000,12000
20,50,8800,11900
20,50,7600,11400
20,50,8000,11200
20,50,7800,11600
20,50,8200,11700
20,50,7600,11400
20,50,7700,11200
20,50,8300,11800
20,50,7600,11100
20,50,8200,11600
20,50,8300,10400
20,50,13700,14700
20,50,7600,14100
20,50,8000,11700
20,50,8100,11400
20,50,7000,11800
20,50,7800,11900
20,50,7800,11300
20,50,7900,10900
20,50,7500,11000
20,50,7600,11800
20,50,8000,11700
20,50,7800,11500
20,50,7900,11300
20,50,17200,11000
20,50,7300,11900
20,50,8100,11100
20,50,7600,11500
20,50,7500,10900
20,50,7800,11000
20,50,7500,11300
20,50,7600,11400
20,75,8700,10300
20,75,9300,9900
20,75,8500,10100
20,75,9000,10200
20,75,8800,10800
20,75,9400,9900
20,75,10100,12000
20,75,9000,10500
20,75,9100,10600
20,75,8900,17000
20,75,9800,10500
20,75,9600,11200
20,75,9200,10900
20,75,10800,12600
20,75,9300,12500
20,75,8700,11600
20,75,8900,10500
20,75,9400,16600
20,75,8300,10600
20,75,8800,9800
20,75,8700,10400
20,75,8400,10400
20,75,9100,11500
20,75,9900,10300
20,75,8800,9900
20,75,8300,10800
20,75,14200,10300
20,75,8500,10900
20,75,8600,10500
20,75,8300,11000
20,75,9000,11200
20,75,10200,10600
20,75,8700,10900
20,75,8300,9800
20,75,8500,9400
20,75,8900,10100
20,75,8500,10500
20,75,8300,10900
20,75,8800,9900
20,75,9700,9100
20,75,8100,11300
20,75,8400,9900
20,75,9000,9900
20,75,8900,9600
20,75,8300,10200
20,75,8900,9900
20,75,8500,10800
20,75,8200,11800
20,75,8800,10100
20,75,8500,10400
20,75,8300,10200
20,75,16900,11000
20,75,8300,9900
20,75,8500,10700
20,75,7900,11100
20,75,8500,12300
20,75,10200,10400
20,75,8700,10100
20,75,8200,10400
20,75,8900,10400
20,75,9700,9400
20,75,8400,11300
20,75,8100,10000
20,75,8700,10200
20,75,9900,10900
20,75,8600,9800
20,75,8700,12000
20,75,8800,10600
20,75,7900,10600
20,75,8200,10500
20,75,9000,10300
20,75,15200,14500
20,75,9800,10500
20,75,8800,11200
20,75,8300,9900
20,75,8300,10800
20,75,9000,10500
20,75,8300,10400
20,75,8400,10500
20,75,10200,10000
20,75,8600,11900
20,75,8600,10400
20,75,7800,10600
20,75,8700,9500
20,75,9500,11000
20,75,8500,10400
20,75,8900,9900
20,75,8500,9800
20,75,9200,11700
20,75,9500,10300
20,75,8900,10300
20,75,8900,10300
20,75,8900,10200
20,75,9800,10500
20,75,8200,10200
20,75,8500,10300
20,75,8500,13600
20,75,10300,9700
20,75,8600,9700
20,75,8800,10300
20,99,9000,8600
20,99,10100,9100
20,99,9000,8600
20,99,9700,8800
20,99,10000,8900
20,99,9200,8600
20,99,17300,8700
20,99,9300,8600
20,99,13400,33600
20,99,11000,8800
20,99,8900,8700
20,99,9400,10100
20,99,19500,9300
20,99,9700,10100
20,99,11300,8800
20,99,9500,9100
20,99,9300,8900
20,99,8400,8800
20,99,9200,8800
20,99,11000,14800
20,99,9100,8800
20,99,9700,8800
20,99,9500,9400
20,99,9100,8800
20,99,9200,8900
20,99,9300,9000
20,99,9200,8700
20,99,10000,9000
20,99,9200,9000
20,99,9400,9000
20,99,10500,10500
20,99,9300,8700
20,99,14100,9100
20,99,9100,8800
20,99,8900,10200
20,99,9400,8800
20,99,9100,10000
20,99,9600,8700
20,99,10200,9100
20,99,9400,8800
20,99,9000,8600
20,99,9400,8700
20,99,9100,9000
20,99,9400,18000
20,99,8700,8800
20,99,8900,8800
20,99,9400,8700
20,99,9200,8700
20,99,9500,8700
20,99,9300,9000
20,99,9100,8800
20,99,11000,8800
20,99,9000,8700
20,99,12000,8800
20,99,9700,8900
20,99,9700,10000
20,99,9500,20800
20,99,9300,10000
20,99,8800,8700
20,99,9100,8600
20,99,9900,9000
20,99,9200,10300
20,99,9400,16400
20,99,9400,8800
20,99,15500,12200
20,99,9300,8800
20,99,9400,8800
20,99,9000,8700
20,99,8900,9100
20,99,9100,9000
20,99,9200,8900
20,99,8500,8900
20,99,10700,8600
20,99,9000,8900
20,99,10400,8600
20,99,9500,9100
20,99,9400,10400
20,99,9000,8700
20,99,9800,10000
20,99,8900,8800
20,99,9300,8700
20,99,8900,8700
20,99,9000,8600
20,99,9500,8700
20,99,8800,8600
20,99,9400,8700
20,99,9100,9100
20,99,9400,9000
20,99,9100,8700
20,99,9200,9000
20,99,9200,8700
20,99,9200,8900
20,99,9100,8600
20,99,10600,9000
20,99,9200,8900
20,99,11000,8900
20,99,8600,8600
20,99,9800,10200
20,99,9200,8800
20,99,8600,10200
30,25,17500,22600
30,25,15300,22900
30,25,16800,22300
30,25,23500,26000
30,25,15700,22400
30,25,15800,22300
30,25,17300,21100
30,25,17700,23700
30,25,18500,20900
30,25,17300,21400
30,25,17000,21100
30,25,24900,31200
30,25,24200,31700
30,25,24200,31600
30,25,18200,22100
30,25,17200,23800
30,25,17700,20500
30,25,16100,21000
30,25,16400,21900
30,25,17300,21900
30,25,15400,20700
30,25,15600,26800
30,25,30100,21100
30,25,16500,24200
30,25,15800,21100
30,25,16000,20300
30,25,18400,21100
30,25,15700,20900
30,25,15700,21000
30,25,15600,21000
30,25,15900,21000
30,25,27900,20900
30,25,16700,20600
30,25,19700,21200
30,25,15600,20700
30,25,21100,23800
30,25,15800,21100
30,25,16100,20500
30,25,15700,20500
30,25,15900,21600
30,25,16300,20600
30,25,15400,23800
30,25,15200,20700
30,25,15600,20800
30,25,35500,56700
30,25,39700,35200
30,25,15500,20800
30,25,15500,21100
30,25,16100,20800
30,25,16000,21500
30,25,15900,21100
30,25,16500,23600
30,25,16200,21000
30,25,16600,20800
30,25,15000,20300
30,25,15500,20800
30,25,15300,20800
30,25,16100,21200
30,25,16000,21200
30,25,26300,21100
30,25,22200,21000
30,25,16000,21000
30,25,19000,21100
30,25,15800,20900
30,25,16000,20900
30,25,22700,25800
30,25,21600,24700
30,25,15900,27400
30,25,15400,21300
30,25,16300,21300
30,25,16200,24000
30,25,16000,21000
30,25,16100,55200
30,25,15900,20800
30,25,15300,20900
30,25,16000,20600
30,25,16100,22000
30,25,64400,79200
30,25,24200,22600
30,25,15800,22200
30,25,15800,22500
30,25,16100,22800
30,25,15700,21900
30,25,25300,21600
30,25,15700,24600
30,25,16500,21900
30,25,15400,22400
30,25,16700,27300
30,25,17000,20600
30,25,17900,20900
30,25,16900,20900
30,25,17200,21200
30,25,16300,21200
30,25,17600,20500
30,25,17200,21000
30,25,16900,20600
30,25,17200,23500
30,25,17500,20700
30,25,15900,21200
30,25,15700,27300
30,50,18700,26200
30,50,17800,27500
30,50,18000,26000
30,50,18300,26800
30,50,17600,27000
30,50,18000,26600
30,50,17900,37900
30,50,18500,24700
30,50,17900,29500
30,50,25500,41700
30,50,18000,25600
30,50,17700,25000
30,50,17900,26000
30,50,18400,25800
30,50,20100,27400
30,50,17400,27900
30,50,17800,26000
30,50,18000,26300
30,50,19300,25900
30,50,17300,26600
30,50,17300,27900
30,50,17500,25800
30,50,18600,27500
30,50,26600,39300
30,50,25700,64300
30,50,19100,27100
30,50,17500,25900
30,50,26100,38400
30,50,18400,26600
30,50,19500,27300
30,50,23700,32200
30,50,17700,26700
30,50,17300,26100
30,50,21300,26200
30,50,17400,24300
30,50,17600,25700
30,50,18300,25300
30,50,17500,27000
30,50,16900,27200
30,50,17200,25200
30,50,17900,27300
30,50,16300,24800
30,50,17400,26000
30,50,18100,23900
30,50,19000,27300
30,50,18300,29400
30,50,18200,26000
30,50,20500,26500
30,50,42000,41000
30,50,17900,26100
30,50,20400,28500
30,50,21100,28800
30,50,20100,31400
30,50,19700,26500
30,50,21600,26900
30,50,17100,26100
30,50,26300,39800
30,50,28100,46000
30,50,19500,26400
30,50,17400,27600
30,50,17600,25700
30,50,20700,28000
30,50,17800,26400
30,50,17700,26300
30,50,17800,25800
30,50,18000,26100
30,50,18800,25600
30,50,18900,28400
30,50,17300,26400
30,50,18500,27400
30,50,17700,25700
30,50,18200,26900
30,50,17200,25200
30,50,27800,26900
30,50,19000,28200
30,50,20400,27600
30,50,18900,24800
30,50,18300,27500
30,50,21700,29200
30,50,18100,31400
30,50,20100,26500
30,50,18000,27600
30,50,18600,26700
30,50,17700,25800
30,50,17900,27700
30,50,18400,25800
30,50,23800,32100
30,50,18100,26800
30,50,19100,27300
30,50,21400,57200
30,50,18300,26500
30,50,19200,26800
30,50,18500,27000
30,50,24300,29800
30,50,17600,25400
30,50,18300,27200
30,50,17900,42200
30,50,18400,25900
30,50,16900,26700
30,50,17800,25400
30,75,19600,25100
30,75,21200,28900
30,75,19800,25900
30,75,18900,24200
30,75,21700,25500
30,75,19700,24000
30,75,18800,23800
30,75,19600,22400
30,75,20200,24600
30,75,20000,23800
30,75,19400,23400
30,75,23400,26200
30,75,20100,25500
30,75,19600,25200
30,75,19200,23500
30,75,20100,27200
30,75,19300,23700
30,75,19100,23600
30,75,22700,24800
30,75,19500,24700
30,75,20200,23300
30,75,20300,24900
30,75,19200,23300
30,75,19000,23700
30,75,30200,23400
30,75,20300,23900
30,75,19600,25600
30,75,19300,24600
30,75,18800,23600
30,75,20800,29100
30,75,21300,25700
30,75,19700,24800
30,75,20600,24900
30,75,19200,23400
30,75,18300,25200
30,75,28400,38000
30,75,19500,23900
30,75,19000,22200
30,75,19100,23500
30,75,27300,38900
30,75,20200,22900
30,75,33600,25400
30,75,21700,27100
30,75,32000,25800
30,75,19000,23400
30,75,20300,26100
30,75,19200,24200
30,75,19400,25700
30,75,19700,24900
30,75,20400,25000
30,75,18700,24800
30,75,19100,22900
30,75,19500,25600
30,75,18700,27300
30,75,20100,25400
30,75,20200,26500
30,75,20200,29300
30,75,25400,29400
30,75,19600,25300
30,75,19000,23000
30,75,18900,24700
30,75,20000,24200
30,75,19500,23700
30,75,20400,22300
30,75,20200,23400
30,75,19300,23900
30,75,20300,24000
30,75,19600,25000
30,75,20300,33000
30,75,19500,25400
30,75,35400,26500
30,75,20500,26300
30,75,24500,49600
30,75,20300,24500
30,75,19400,25300
30,75,19600,23500
30,75,20300,24900
30,75,21600,24600
30,75,19500,23400
30,75,19300,37300
30,75,19500,23300
30,75,18900,24200
30,75,19900,23700
30,75,19600,55600
30,75,19400,42700
30,75,19500,23800
30,75,19900,23700
30,75,18900,23900
30,75,19900,25100
30,75,19200,23100
30,75,20100,23500
30,75,19000,26000
30,75,21800,33100
30,75,19300,23700
30,75,28000,48200
30,75,19600,23900
30,75,19500,24100
30,75,19400,24200
30,75,19700,29000
30,75,19800,24500
30,99,20700,20200
30,99,21800,20400
30,99,20800,21200
30,99,21700,21000
30,99,22300,20400
30,99,37300,21100
30,99,21500,20500
30,99,21500,21600
30,99,22300,20100
30,99,20500,21500
30,99,21200,20400
30,99,21500,21600
30,99,21100,24000
30,99,22000,20900
30,99,21900,20400
30,99,21800,28700
30,99,20600,20400
30,99,21200,20800
30,99,21100,20700
30,99,20700,20200
30,99,26000,23800
30,99,21000,20500
30,99,21000,20600
30,99,20800,20400
30,99,20900,21900
30,99,24200,20200
30,99,21300,21700
30,99,21200,20400
30,99,22000,21600
30,99,21500,20300
30,99,23300,20500
30,99,20600,20500
30,99,22400,20600
30,99,21600,20500
30,99,20900,20500
30,99,20500,20500
30,99,21100,20900
30,99,20800,20700
30,99,23800,20600
30,99,27500,22800
30,99,22300,20300
30,99,21300,21400
30,99,20900,20400
30,99,20900,21500
30,99,20500,20300
30,99,20200,21500
30,99,23200,20400
30,99,23000,20500
30,99,20700,20300
30,99,32100,36600
30,99,21000,20500
30,99,31600,37600
30,99,30500,37200
30,99,25500,20700
30,99,21800,20800
30,99,21300,20500
30,99,21200,20400
30,99,21100,20200
30,99,22600,20500
30,99,21700,28300
30,99,21800,33200
30,99,21700,20500
30,99,21400,22800
30,99,20500,20700
30,99,21600,21800
30,99,21000,21200
30,99,22700,20600
30,99,23700,20800
30,99,26500,20500
30,99,21200,21000
30,99,21900,20600
30,99,21400,20300
30,99,20400,20900
30,99,22100,21100
30,99,21900,21400
30,99,22000,21200
30,99,23000,22700
30,99,20600,20600
30,99,21000,20400
30,99,20700,21600
30,99,22000,20800
30,99,24600,21900
30,99,21700,20500
30,99,43800,35000
30,99,21500,20700
30,99,23400,20400
30,99,22200,20500
30,99,23000,20600
30,99,20900,20900
30,99,27500,21000
30,99,21600,21000
30,99,20900,20400
30,99,21600,21000
30,99,30600,25300
30,99,21000,20600
30,99,21500,23200
30,99,20800,20500
30,99,20900,20900
30,99,23500,23600
30,99,30900,36200
40,25,35200,49100
40,25,30000,33800
40,25,22700,34300
40,25,24100,35200
40,25,23200,32900
40,25,23300,33200
40,25,22400,33900
40,25,22500,33000
40,25,22200,34100
40,25,21800,32200
40,25,25000,42100
40,25,22200,32700
40,25,23000,32800
40,25,28800,31700
40,25,21900,32500
40,25,21500,33300
40,25,22500,78000
40,25,21600,33000
40,25,24600,34400
40,25,22400,34000
40,25,22600,40600
40,25,22300,33500
40,25,23000,33300
40,25,23600,32900
40,25,22600,36900
40,25,22000,41400
40,25,23700,33700
40,25,24300,34500
40,25,23000,33000
40,25,23800,36300
40,25,34600,36600
40,25,23400,33200
40,25,23200,34200
40,25,23700,33100
40,25,24300,33100
40,25,22900,33900
40,25,24300,34200
40,25,22500,33900
40,25,22500,35400
40,25,26600,34100
40,25,22400,32700
40,25,23300,33300
40,25,23400,36100
40,25,22200,31700
40,25,22600,33400
40,25,21700,34700
40,25,22700,32700
40,25,22800,32600
40,25,22400,32700
40,25,22000,31500
40,25,22200,33800
40,25,22100,32900
40,25,23400,36500
40,25,22200,35100
40,25,21900,33500
40,25,21900,34100
40,25,22000,39500
40,25,21600,31800
40,25,23100,33300
40,25,22900,32800
40,25,23400,31300
40,25,22200,32700
40,25,21700,32100
40,25,22600,34300
40,25,21200,33000
40,25,29300,32400
40,25,21800,32000
40,25,22000,33300
40,25,28400,32900
40,25,21700,32800
40,25,22300,32500
40,25,21500,47700
40,25,22600,32700
40,25,30800,34600
40,25,23900,33100
40,25,23400,35700
40,25,23700,60100
40,25,21800,32800
40,25,23800,32500
40,25,47900,35600
40,25,22400,33400
40,25,23900,32500
40,25,33700,54100
40,25,24200,33400
40,25,23000,36300
40,25,23800,33400
40,25,53800,89500
40,25,22400,34100
40,25,23000,32800
40,25,24000,33800
40,25,22500,33600
40,25,33000,33200
40,25,22700,34900
40,25,22400,33300
40,25,24000,33700
40,25,22900,33500
40,25,22500,33300
40,25,25900,35700
40,25,21900,34100
40,25,23000,34300
40,50,26500,44100
40,50,26100,42800
40,50,26300,42100
40,50,44700,62700
40,50,27200,44200
40,50,27700,43000
40,50,28700,40800
40,50,27500,42300
40,50,30900,49900
40,50,29400,49100
40,50,42200,68200
40,50,28800,48200
40,50,29600,42700
40,50,34100,49400
40,50,29500,44900
40,50,28300,43700
40,50,28000,44500
40,50,26600,44800
40,50,27700,46100
40,50,26000,42800
40,50,27800,44600
40,50,26200,41400
40,50,26200,44500
40,50,25900,43200
40,50,26700,42700
40,50,31700,44700
40,50,29100,42700
40,50,113600,44500
40,50,25700,41600
40,50,25400,40300
40,50,25500,42600
40,50,25600,39400
40,50,26800,43900
40,50,28300,41900
40,50,27700,46100
40,50,40900,44700
40,50,26500,42200
40,50,27500,44700
40,50,26400,71500
40,50,26200,41000
40,50,26300,47900
40,50,35600,42700
40,50,26600,43100
40,50,26300,41800
40,50,26600,53300
40,50,26800,44600
40,50,25900,41400
40,50,26000,44200
40,50,28500,43200
40,50,26100,74600
40,50,26200,42600
40,50,26400,43200
40,50,32600,43200
40,50,25400,41500
40,50,52200,58000
40,50,30700,40700
40,50,26700,43000
40,50,26800,42100
40,50,26000,42900
40,50,26500,40600
40,50,26000,44400
40,50,44300,43500
40,50,27900,42700
40,50,25700,41000
40,50,42300,41100
40,50,25600,41400
40,50,26200,41900
40,50,25600,42500
40,50,25700,45200
40,50,27800,47800
40,50,33200,42900
40,50,26100,54500
40,50,25800,42700
40,50,26200,85200
40,50,26500,45000
40,50,26600,43100
40,50,31600,45200
40,50,26600,52900
40,50,25600,43400
40,50,42500,42200
40,50,26000,43200
40,50,25600,41400
40,50,28700,44500
40,50,35800,42000
40,50,25800,44800
40,50,27600,42700
40,50,26400,44100
40,50,26600,42500
40,50,26900,41600
40,50,27000,45300
40,50,27600,40800
40,50,27100,42600
40,50,26200,42800
40,50,34100,39800
40,50,26400,43100
40,50,39500,61100
40,50,29000,44000
40,50,27700,43500
40,50,26900,42300
40,50,26400,40000
40,75,29900,40300
40,75,29400,37600
40,75,28600,39300
40,75,31800,40600
40,75,30400,36200
40,75,35800,49700
40,75,29100,39100
40,75,29400,49300
40,75,29200,39700
40,75,28400,37300
40,75,30500,78800
40,75,31800,40800
40,75,28800,41200
40,75,28500,40900
40,75,31100,39400
40,75,29800,38700
40,75,29500,39100
40,75,30300,39300
40,75,29600,45400
40,75,30000,37200
40,75,30100,40200
40,75,30300,40800
40,75,60600,51800
40,75,30100,39600
40,75,33400,37900
40,75,29600,37300
40,75,30400,36600
40,75,38000,71800
40,75,29000,38600
40,75,29400,39300
40,75,27800,39200
40,75,29400,38000
40,75,30500,39700
40,75,28800,37700
40,75,29500,40500
40,75,38300,39300
40,75,29100,42400
40,75,29300,39900
40,75,32200,42400
40,75,56100,54200
40,75,29200,38300
40,75,29600,39600
40,75,29000,38000
40,75,29700,37800
40,75,29000,39800
40,75,29300,38900
40,75,28700,37300
40,75,29200,38500
40,75,28500,39700
40,75,28900,40600
40,75,63100,48200
40,75,29400,38200
40,75,47400,51500
40,75,32900,39400
40,75,29300,40000
40,75,28800,35900
40,75,30100,40500
40,75,39100,41300
40,75,30500,38800
40,75,30600,36700
40,75,28900,41600
40,75,29200,38900
40,75,29700,41400
40,75,30800,38900
40,75,29100,37500
40,75,30100,37300
40,75,33400,38900
40,75,29000,42900
40,75,30900,37700
40,75,30000,37800
40,75,30100,40300
40,75,30900,36600
40,75,30600,41800
40,75,34000,42400
40,75,31300,37400
40,75,29200,39000
40,75,29300,38200
40,75,30000,38800
40,75,30100,40500
40,75,41300,38100
40,75,30800,38900
40,75,30000,37700
40,75,30300,38100
40,75,30500,35600
40,75,29200,41400
40,75,30200,41700
40,75,30800,38200
40,75,28800,35600
40,75,30600,48100
40,75,30600,39400
40,75,42000,55600
40,75,28800,37000
40,75,30200,39900
40,75,28700,39100
40,75,28900,39500
40,75,43200,57800
40,75,29100,38800
40,75,41300,54600
40,75,43400,59500
40,75,28600,37600
40,99,33000,33200
40,99,37600,32700
40,99,33300,31300
40,99,32900,32100
40,99,32900,32400
40,99,49000,57600
40,99,34400,34800
40,99,32800,33300
40,99,33500,33500
40,99,33800,33600
40,99,40600,38700
40,99,32400,31900
40,99,35600,32100
40,99,33100,33200
40,99,31800,32300
40,99,57000,33200
40,99,35900,33400
40,99,32500,34700
40,99,33400,31800
40,99,34100,32400
40,99,32000,35500
40,99,33200,31900
40,99,33000,41300
40,99,32800,32600
40,99,32300,33400
40,99,32400,34200
40,99,33600,32100
40,99,63900,68200
40,99,33800,32000
40,99,32800,32900
40,99,32100,32100
40,99,32300,32000
40,99,31500,33200
40,99,33200,34100
40,99,32700,35000
40,99,33200,32500
40,99,32900,32100
40,99,34600,33200
40,99,31900,32600
40,99,31500,32100
40,99,32800,33900
40,99,69000,51500
40,99,65800,46200
40,99,32200,31900
40,99,33700,33100
40,99,33000,32100
40,99,32700,32200
40,99,32800,32700
40,99,39100,80200
40,99,32100,33400
40,99,35500,32300
40,99,32600,32200
40,99,39300,32800
40,99,33900,33000
40,99,32400,33400
40,99,33400,32500
40,99,32900,33500
40,99,33000,33700
40,99,32200,31300
40,99,30700,31100
40,99,31700,31200
40,99,30900,31800
40,99,32700,34400
40,99,32500,31100
40,99,32900,33000
40,99,34800,31400
40,99,33800,40200
40,99,32500,32800
40,99,33100,41400
40,99,33900,40000
40,99,32200,31600
40,99,32000,31400
40,99,31700,32500
40,99,34600,32200
40,99,34500,32200
40,99,32000,32100
40,99,32100,35700
40,99,42200,35700
40,99,32900,32400
40,99,31900,32100
40,99,32300,37200
40,99,32400,32000
40,99,33400,32100
40,99,31600,32600
40,99,31200,31800
40,99,32100,32800
40,99,32800,32200
40,99,33300,32000
40,99,33300,35600
40,99,37500,32500
40,99,48900,56800
40,99,31600,32200
40,99,32100,32300
40,99,31900,32700
40,99,70600,46700
40,99,32400,32500
40,99,31400,33000
40,99,34400,32600
40,99,33500,32700
40,99,35900,32700
50,25,34000,49200
50,25,47900,75600
50,25,32200,79700
50,25,35700,48800
50,25,31600,49100
50,25,32200,49300
50,25,31700,48900
50,25,30200,52300
50,25,31200,49500
50,25,33100,50000
50,25,30900,50600
50,25,31200,50800
50,25,30300,49400
50,25,30500,51900
50,25,33500,50100
50,25,46900,71500
50,25,32200,48400
50,25,43900,47900
50,25,32000,50600
50,25,32600,49100
50,25,30500,48300
50,25,30400,49800
50,25,39500,49200
50,25,32100,51500
50,25,32600,48600
50,25,31800,50400
50,25,48800,53000
50,25,64900,149600
50,25,30900,49600
50,25,47400,50700
50,25,31200,51700
50,25,31700,50800
50,25,46800,73700
50,25,40200,63900
50,25,50200,50100
50,25,32300,48800
50,25,35600,49000
50,25,49400,49700
50,25,33300,50100
50,25,33700,50800
50,25,44800,48900
50,25,32100,49900
50,25,31500,48400
50,25,31500,52700
50,25,32200,50300
50,25,34100,50500
50,25,32600,49200
50,25,31300,49100
50,25,31900,55000
50,25,36600,51800
50,25,31900,50300
50,25,32400,50100
50,25,47500,90600
50,25,31700,48800
50,25,32800,48600
50,25,35500,50500
50,25,33100,48400
50,25,32600,49300
50,25,31100,49400
50,25,31400,52300
50,25,32900,101400
50,25,31400,48900
50,25,31800,49900
50,25,30200,49500
50,25,31200,49800
50,25,50100,52400
50,25,30600,48900
50,25,32700,48700
50,25,32300,48800
50,25,31900,51300
50,25,48200,78200
50,25,40700,50700
50,25,30500,48800
50,25,30300,50400
50,25,35000,50400
50,25,31800,47900
50,25,30800,49100
50,25,62700,62200
50,25,31500,50300
50,25,31300,51300
50,25,32100,48300
50,25,30500,47900
50,25,31400,48900
50,25,30800,50700
50,25,31000,51000
50,25,48900,73500
50,25,30300,48800
50,25,77700,48300
50,25,30300,50900
50,25,34000,55600
50,25,32300,66400
50,25,30300,48400
50,25,29800,47200
50,25,35800,60900
50,25,30700,50600
50,25,33000,48300
50,25,31300,52300
50,25,31000,49600
50,25,31800,48400
50,25,36000,51700
50,50,43200,62600
50,50,44200,67300
50,50,37900,63900
50,50,96900,87500
50,50,94400,69500
50,50,41800,70200
50,50,39100,66700
50,50,37600,61400
50,50,37200,61200
50,50,40300,64300
50,50,39000,61700
50,50,48700,72400
50,50,40200,66300
50,50,41900,61700
50,50,37700,64000
50,50,38300,62600
50,50,40400,64500
50,50,53700,75800
50,50,42200,63400
50,50,41100,63400
50,50,58300,93900
50,50,39900,63500
50,50,40800,62400
50,50,46500,65400
50,50,39900,61400
50,50,41900,67600
50,50,38900,65600
50,50,37900,65200
50,50,39400,68100
50,50,39100,66900
50,50,44200,66800
50,50,39100,64900
50,50,41400,63000
50,50,46900,62800
50,50,40400,63300
50,50,51100,61000
50,50,35600,65200
50,50,35600,63900
50,50,36800,66500
50,50,36800,65200
50,50,38300,65300
50,50,35700,63500
50,50,39600,65900
50,50,40700,68000
50,50,40200,63000
50,50,35800,65800
50,50,44500,71100
50,50,40700,61500
50,50,37200,63600
50,50,36700,64100
50,50,38500,59900
50,50,97300,136300
50,50,38600,63100
50,50,36100,63300
50,50,39000,61700
50,50,35700,66600
50,50,37300,62100
50,50,37700,63000
50,50,35500,62500
50,50,35000,64500
50,50,59500,183600
50,50,38400,66500
50,50,42200,67000
50,50,37400,66400
50,50,38200,69800
50,50,36500,61900
50,50,35700,66100
50,50,36100,64100
50,50,36200,65100
50,50,36600,72100
50,50,36600,62600
50,50,33900,64000
50,50,35200,64500
50,50,35900,60400
50,50,37600,64100
50,50,37700,66200
50,50,42900,59700
50,50,39400,68200
50,50,36000,65700
50,50,36500,62200
50,50,37100,67600
50,50,35300,62000
50,50,37000,67400
50,50,39800,64400
50,50,35100,67200
50,50,70600,68300
50,50,36700,65400
50,50,36100,61500
50,50,34800,59200
50,50,37600,65800
50,50,39300,66800
50,50,37500,65400
50,50,35400,59900
50,50,53700,90700
50,50,54000,92800
50,50,43100,63600
50,50,38400,65300
50,50,36900,64000
50,50,36700,64400
50,50,40500,66000
50,75,40600,61300
50,75,56900,60200
50,75,42000,56800
50,75,42800,61900
50,75,43700,62300
50,75,64400,91100
50,75,45400,57200
50,75,84200,59300
50,75,50800,59500
50,75,43200,58500
50,75,50700,60000
50,75,45000,65500
50,75,46900,59200
50,75,48200,57400
50,75,50100,52000
50,75,42000,61700
50,75,41800,54500
50,75,40600,58400
50,75,42700,56800
50,75,50800,56300
50,75,60500,77400
50,75,49700,58300
50,75,51600,66000
50,75,44700,55000
50,75,44500,55800
50,75,45600,53000
50,75,42000,61400
50,75,40700,55000
50,75,45700,57100
50,75,52400,57900
50,75,46500,58000
50,75,46500,58000
50,75,47000,59100
50,75,48700,62200
50,75,45700,67500
50,75,46000,58600
50,75,47500,59000
50,75,48400,59900
50,75,44200,57000
50,75,44900,58500
50,75,42600,56600
50,75,41300,56600
50,75,42900,56700
50,75,42400,52300
50,75,40100,54600
50,75,41500,55900
50,75,40000,55900
50,75,44600,57200
50,75,45800,59000
50,75,43700,58400
50,75,42500,55900
50,75,48700,67100
50,75,45900,61200
50,75,42500,58800
50,75,41800,61700
50,75,42300,54500
50,75,42100,58200
50,75,42000,58900
50,75,43900,67500
50,75,40600,57600
50,75,40700,57100
50,75,49800,60300
50,75,41000,60900
50,75,51600,55700
50,75,47100,58200
50,75,45200,56700
50,75,43300,54300
50,75,44900,57000
50,75,67600,91000
50,75,41300,58000
50,75,41100,55100
50,75,42600,60600
50,75,41300,57000
50,75,41500,58200
50,75,44300,56700
50,75,61600,89900
50,75,46100,58800
50,75,54500,56700
50,75,41400,60500
50,75,41600,54900
50,75,41500,56700
50,75,42300,59900
50,75,48800,57200
50,75,46600,57000
50,75,46700,57000
50,75,49200,57000
50,75,43300,54900
50,75,42700,60500
50,75,44700,60200
50,75,46300,55900
50,75,47900,56000
50,75,48400,62500
50,75,44100,60200
50,75,47600,57500
50,75,65100,88600
50,75,41700,58400
50,75,39900,57400
50,75,41300,55100
50,75,41700,55900
50,75,40700,72100
50,99,45100,46500
50,99,50100,47300
50,99,47400,46800
50,99,49800,46700
50,99,45500,47300
50,99,45200,47500
50,99,47300,46500
50,99,43700,45500
50,99,65000,45400
50,99,46900,47100
50,99,48700,48600
50,99,49600,48000
50,99,55200,46800
50,99,50500,47900
50,99,50500,46700
50,99,44000,46700
50,99,49600,45400
50,99,44400,46800
50,99,67200,83000
50,99,48600,48800
50,99,66200,55800
50,99,54400,47700
50,99,46200,47500
50,99,57400,46700
50,99,46000,47800
50,99,46600,45900
50,99,45800,46400
50,99,56000,46700
50,99,48100,48600
50,99,52300,46700
50,99,55200,47800
50,99,57300,49100
50,99,63500,48500
50,99,63700,55000
50,99,66000,52600
50,99,104400,82200
50,99,60400,49100
50,99,95700,68200
50,99,58400,55200
50,99,67900,50900
50,99,84400,52300
50,99,62900,49100
50,99,55600,51300
50,99,64100,48700
50,99,62400,48100
50,99,59600,48700
50,99,47100,50700
50,99,48100,50800
50,99,45700,46900
50,99,46300,49800
50,99,50200,47900
50,99,47100,47800
50,99,97400,46900
50,99,54100,48100
50,99,56400,46800
50,99,51200,47100
50,99,55600,47300
50,99,56000,47500
50,99,54500,48400
50,99,57800,47000
50,99,45200,48700
50,99,46900,50000
50,99,45800,47500
50,99,44900,45700
50,99,49100,46800
50,99,55500,47100
50,99,48200,46800
50,99,52800,48700
50,99,48200,47300
50,99,46700,47300
50,99,52500,47500
50,99,49300,47800
50,99,49500,45500
50,99,46500,46800
50,99,44800,46400
50,99,63500,49600
50,99,53800,47100
50,99,78400,85800
50,99,55300,48500
50,99,69800,86500
50,99,51900,46700
50,99,82500,87500
50,99,58200,48800
50,99,56600,47800
50,99,54100,47300
50,99,46800,48700
50,99,51800,47600
50,99,47200,46900
50,99,45300,46700
50,99,46700,51500
50,99,44700,46900
50,99,45900,46400
50,99,43000,45700
50,99,49000,46700
50,99,47600,46800
50,99,45600,46700
50,99,51200,48700
50,99,55900,45700
50,99,47900,45800
50,99,44700,46400
60,25,46900,66900
60,25,43000,67900
60,25,41300,70700
60,25,44900,69500
60,25,40300,73200
60,25,42800,68300
60,25,40700,69500
60,25,42800,67600
60,25,42700,67400
60,25,55400,74900
60,25,41500,69300
60,25,40900,69200
60,25,39500,66000
60,25,42100,66900
60,25,47200,68700
60,25,52400,75300
60,25,40600,72100
60,25,41300,68100
60,25,40800,68900
60,25,39900,71300
60,25,39700,67900
60,25,41200,70900
60,25,41300,63800
60,25,40900,70200
60,25,40200,66700
60,25,40500,67500
60,25,40400,66600
60,25,40300,67500
60,25,40800,68100
60,25,61200,66300
60,25,42300,65800
60,25,39200,68000
60,25,40000,67200
60,25,45700,65800
60,25,42500,67500
60,25,42100,70300
60,25,40200,66400
60,25,41300,68300
60,25,42200,68000
60,25,41300,70100
60,25,40200,67100
60,25,42000,68200
60,25,68000,79800
60,25,44600,68900
60,25,42600,69000
60,25,41200,68500
60,25,41800,69100
60,25,42000,69500
60,25,43000,67000
60,25,42700,68200
60,25,43100,67800
60,25,43600,72700
60,25,43000,68400
60,25,42600,66900
60,25,43300,77800
60,25,45200,72000
60,25,63900,102300
60,25,42800,68100
60,25,43000,68200
60,25,61100,98900
60,25,42300,66900
60,25,45400,71000
60,25,51800,69500
60,25,49700,68400
60,25,41600,67800
60,25,41600,69600
60,25,45600,69000
60,25,63600,102600
60,25,42000,67600
60,25,49600,67700
60,25,41700,69000
60,25,48400,69400
60,25,42300,69700
60,25,41600,68100
60,25,41500,68100
60,25,45300,68700
60,25,42500,68900
60,25,42200,69600
60,25,41600,70100
60,25,43600,67200
60,25,41400,70500
60,25,43100,67200
60,25,43900,72400
60,25,45500,68400
60,25,41900,69900
60,25,48200,78800
60,25,43200,70000
60,25,43900,68900
60,25,46700,75200
60,25,58800,75100
60,25,54000,89000
60,25,49200,73800
60,25,45400,76200
60,25,45300,73700
60,25,63600,102800
60,25,46200,75600
60,25,67800,123400
60,25,43700,69500
60,25,48800,74300
60,25,56200,75300
60,50,54200,99500
60,50,69100,122800
60,50,61200,98300
60,50,63400,113100
60,50,67100,104400
60,50,54500,86900
60,50,63000,106300
60,50,113100,95200
60,50,59000,101200
60,50,50400,93100
60,50,48900,88300
60,50,52300,88300
60,50,53500,89100
60,50,57400,90300
60,50,58700,96100
60,50,51800,89500
60,50,55800,97000
60,50,58000,89700
60,50,61200,91800
60,50,58500,91100
60,50,55600,86700
60,50,62900,102600
60,50,67500,101800
60,50,65000,104800
60,50,64600,91300
60,50,53900,95400
60,50,49200,92200
60,50,53200,92500
60,50,59200,91500
60,50,47800,86500
60,50,48500,87000
60,50,47600,85700
60,50,49100,88100
60,50,49900,89600
60,50,49000,89800
60,50,47400,93400
60,50,55000,89800
60,50,49500,88500
60,50,48500,90400
60,50,47700,98400
60,50,47400,90900
60,50,49300,91500
60,50,49900,87400
60,50,46000,91300
60,50,47300,87600
60,50,85300,134200
60,50,61400,89900
60,50,46300,89500
60,50,82900,88700
60,50,48800,84500
60,50,56600,90900
60,50,55400,89100
60,50,46100,81700
60,50,48700,89800
60,50,47900,92900
60,50,46900,92000
60,50,98100,91200
60,50,49300,88800
60,50,48400,88600
60,50,49000,89500
60,50,52400,92500
60,50,50700,88700
60,50,50400,91800
60,50,53500,97300
60,50,49100,90300
60,50,49100,91700
60,50,54700,90500
60,50,48300,90400
60,50,49700,89900
60,50,48300,88000
60,50,49500,87300
60,50,49500,91200
60,50,52800,93200
60,50,74600,95100
60,50,50100,88600
60,50,49700,90400
60,50,49400,91600
60,50,51100,90200
60,50,55800,89300
60,50,49100,86900
60,50,57700,86000
60,50,68700,92800
60,50,54200,90100
60,50,49900,91100
60,50,50600,86600
60,50,47700,90800
60,50,48600,90900
60,50,48800,91600
60,50,51200,86400
60,50,49300,88700
60,50,52800,91100
60,50,50200,90800
60,50,53100,89500
60,50,49200,92500
60,50,49800,89600
60,50,50200,90400
60,50,50900,90700
60,50,54000,160500
60,50,50500,89200
60,50,103500,112300
60,75,65300,82600
60,75,63200,86400
60,75,58300,80700
60,75,68500,83200
60,75,57000,81300
60,75,56100,84100
60,75,58000,90300
60,75,56900,75700
60,75,64900,80600
60,75,57400,80000
60,75,60300,77700
60,75,56000,83200
60,75,61100,85900
60,75,66300,80300
60,75,59300,76100
60,75,55200,74900
60,75,54900,112600
60,75,57500,80600
60,75,55000,84200
60,75,66600,78600
60,75,69600,82400
60,75,57600,87300
60,75,64000,81000
60,75,61600,80200
60,75,65900,83200
60,75,56700,78800
60,75,92100,81500
60,75,61900,76700
60,75,63300,77300
60,75,56100,80000
60,75,59300,73700
60,75,59700,81400
60,75,54700,77500
60,75,59200,84100
60,75,58800,80800
60,75,64800,77000
60,75,63300,78500
60,75,65300,80100
60,75,88100,85800
60,75,69800,82300
60,75,57900,80600
60,75,55700,84500
60,75,57900,78200
60,75,55900,79500
60,75,57700,80100
60,75,57100,75400
60,75,62700,76300
60,75,61900,79100
60,75,58100,82300
60,75,68100,87400
60,75,61300,76200
60,75,57000,75400
60,75,153900,84100
60,75,60700,77200
60,75,58000,80900
60,75,62500,76600
60,75,59000,76800
60,75,60000,81000
60,75,55100,80400
60,75,54800,80100
60,75,57600,77700
60,75,54900,80700
60,75,54600,75700
60,75,63700,79900
60,75,54300,82700
60,75,53300,79500
60,75,56700,80600
60,75,55700,78800
60,75,56700,78800
60,75,62300,75200
60,75,67700,183200
60,75,59800,81300
60,75,61900,79600
60,75,58400,76900
60,75,63500,89000
60,75,57900,76400
60,75,57100,106100
60,75,58400,92900
60,75,56600,79600
60,75,79900,94900
60,75,91600,126000
60,75,57900,77300
60,75,56600,83500
60,75,57600,77800
60,75,57600,82800
60,75,72900,86300
60,75,59000,80300
60,75,58700,78400
60,75,83200,123000
60,75,57800,77200
60,75,59900,89000
60,75,58000,112100
60,75,66800,81000
60,75,64600,81500
60,75,94000,140100
60,75,54500,75700
60,75,63900,80600
60,75,55900,78200
60,75,57900,81100
60,75,57300,76900
60,99,65500,63100
60,99,72500,68400
60,99,70000,67800
60,99,76300,65600
60,99,150700,129400
60,99,67100,71000
60,99,67300,67000
60,99,81000,63000
60,99,81400,65300
60,99,67300,65200
60,99,67800,66600
60,99,71100,65800
60,99,66900,74400
60,99,72100,67800
60,99,61500,64100
60,99,72600,66300
60,99,64300,64600
60,99,63600,65100
60,99,70300,72200
60,99,61900,64100
60,99,64200,74800
60,99,65100,75100
60,99,77000,66600
60,99,69000,65500
60,99,68100,66300
60,99,63700,66700
60,99,64000,65300
60,99,66100,64100
60,99,64200,63100
60,99,66700,63500
60,99,61900,64600
60,99,85000,65000
60,99,81200,64500
60,99,85700,65200
60,99,92500,68700
60,99,72800,64700
60,99,67000,65000
60,99,81900,65200
60,99,67500,64400
60,99,66500,64400
60,99,79100,65200
60,99,68300,74100
60,99,72900,64600
60,99,62400,62700
60,99,62600,64300
60,99,61800,64400
60,99,73700,67200
60,99,62000,64900
60,99,62600,62800
60,99,70900,65100
60,99,62000,64000
60,99,82800,64500
60,99,104700,119600
60,99,66500,63100
60,99,65300,64600
60,99,63500,62900
60,99,63400,65000
60,99,60700,63900
60,99,70100,63700
60,99,64600,64900
60,99,80900,64700
60,99,64000,63900
60,99,63300,66600
60,99,79900,64300
60,99,72700,64500
60,99,66100,65200
60,99,67700,64100
60,99,80400,87800
60,99,73900,65800
60,99,71400,65500
60,99,82700,82900
60,99,77000,62900
60,99,75600,64000
60,99,68100,65500
60,99,61000,62700
60,99,71700,75200
60,99,61600,66300
60,99,61600,73300
60,99,66300,65600
60,99,60400,66700
60,99,70600,66500
60,99,64300,68400
60,99,65600,75000
60,99,63600,65800
60,99,68700,66000
60,99,70600,66300
60,99,66400,65700
60,99,65100,66900
60,99,78200,64200
60,99,61500,65700
60,99,74300,65600
60,99,76900,71000
60,99,64100,64400
60,99,62400,62900
60,99,67100,65000
60,99,63200,64400
60,99,66700,74900
60,99,113000,79500
60,99,63700,64500
60,99,66700,66800
70,25,52300,91200
70,25,53200,93800
70,25,59200,93700
70,25,51300,91100
70,25,53100,90100
70,25,50100,90400
70,25,58800,89700
70,25,51300,92300
70,25,53000,94700
70,25,50200,87900
70,25,52500,92000
70,25,59400,92100
70,25,52200,127700
70,25,51000,90500
70,25,51600,90600
70,25,52500,103800
70,25,61300,91100
70,25,51100,91300
70,25,52500,88600
70,25,51300,89600
70,25,58600,98600
70,25,52900,91900
70,25,51300,86300
70,25,50200,87500
70,25,77800,131800
70,25,51000,96400
70,25,52800,93900
70,25,52800,89400
70,25,52500,94100
70,25,52900,92700
70,25,50700,90600
70,25,51100,92500
70,25,52900,90800
70,25,50600,89600
70,25,52200,102500
70,25,50800,88200
70,25,53500,89000
70,25,53000,92300
70,25,51100,92900
70,25,51600,87200
70,25,50400,89600
70,25,99800,91200
70,25,59300,94100
70,25,54300,97000
70,25,50300,88700
70,25,49800,89500
70,25,82100,141200
70,25,57600,95500
70,25,53200,92000
70,25,60600,89300
70,25,54300,91900
70,25,53500,91300
70,25,54000,92800
70,25,52900,94200
70,25,54700,90500
70,25,51600,91000
70,25,74200,96400
70,25,62100,108100
70,25,51000,90700
70,25,110100,92200
70,25,51800,90900
70,25,50700,90700
70,25,50900,88700
70,25,57700,89500
70,25,50400,87400
70,25,49800,89500
70,25,49800,87900
70,25,54200,98400
70,25,52600,91000
70,25,50300,89000
70,25,60200,92100
70,25,55200,93400
70,25,50500,89700
70,25,57700,100500
70,25,56600,92800
70,25,65200,96000
70,25,52500,92400
70,25,56200,92900
70,25,53100,92700
70,25,50800,89800
70,25,52500,91700
70,25,56000,92300
70,25,51600,89600
70,25,53700,99600
70,25,57000,105400
70,25,61700,92700
70,25,50000,88500
70,25,54600,95300
70,25,82900,147300
70,25,51700,90400
70,25,50800,90900
70,25,58000,101600
70,25,53900,93500
70,25,55100,98400
70,25,62000,96100
70,25,89000,89800
70,25,51900,88200
70,25,50800,92400
70,25,51200,92400
70,25,50900,86600
70,50,67400,125500
70,50,77700,116200
70,50,65600,120000
70,50,66900,123100
70,50,64600,122500
70,50,68600,124500
70,50,64100,119300
70,50,63100,123900
70,50,62600,115400
70,50,63900,125100
70,50,65400,123900
70,50,93700,126200
70,50,63400,119200
70,50,67400,120500
70,50,76300,119700
70,50,89300,159700
70,50,76000,124800
70,50,67500,119600
70,50,68000,121000
70,50,65800,118400
70,50,78600,125000
70,50,72000,117600
70,50,64000,127500
70,50,71500,117800
70,50,64500,124300
70,50,67400,119900
70,50,74900,120800
70,50,65800,114500
70,50,67400,122900
70,50,68900,121300
70,50,76400,123300
70,50,68400,124400
70,50,69200,125000
70,50,65600,132100
70,50,71000,125500
70,50,63100,119100
70,50,75400,119900
70,50,61800,114600
70,50,63300,126200
70,50,71000,116800
70,50,64000,115800
70,50,71900,119800
70,50,60600,122600
70,50,64500,115200
70,50,62800,124200
70,50,63100,126000
70,50,63600,126500
70,50,75900,120900
70,50,66100,132500
70,50,73300,120700
70,50,62900,133200
70,50,61500,117600
70,50,64300,160200
70,50,65100,118700
70,50,73500,117100
70,50,73400,127700
70,50,66700,119800
70,50,61500,112900
70,50,61700,121000
70,50,64400,120100
70,50,64400,120000
70,50,66000,130200
70,50,69300,124800
70,50,65200,121200
70,50,77300,120600
70,50,65800,121800
70,50,78600,120200
70,50,62700,123200
70,50,63000,124800
70,50,63200,121700
70,50,61300,118500
70,50,65600,117800
70,50,64600,126000
70,50,61900,119900
70,50,78900,125800
70,50,70600,126900
70,50,77800,123400
70,50,75800,120000
70,50,75900,128100
70,50,96500,172800
70,50,63300,116700
70,50,62500,119000
70,50,63800,121600
70,50,65300,120900
70,50,63500,125400
70,50,62300,115700
70,50,94100,168100
70,50,93400,166800
70,50,72800,190100
70,50,85500,125700
70,50,85900,136100
70,50,74100,117700
70,50,72400,123600
70,50,63300,120800
70,50,61600,121200
70,50,62600,119300
70,50,61500,119400
70,50,59900,134200
70,50,62300,118400
70,50,61600,123600
70,75,80600,101500
70,75,74900,101600
70,75,79100,106700
70,75,78300,103700
70,75,111500,169700
70,75,123800,186100
70,75,90100,112600
70,75,92900,121500
70,75,94300,117800
70,75,91000,125000
70,75,101700,105700
70,75,87500,105000
70,75,73900,107700
70,75,76800,106000
70,75,89400,101400
70,75,89700,109300
70,75,92300,116400
70,75,81700,102500
70,75,80100,108400
70,75,78600,111600
70,75,82100,105900
70,75,132900,107000
70,75,79000,104100
70,75,89700,114900
70,75,131000,152400
70,75,78600,107200
70,75,76800,104100
70,75,90000,116500
70,75,94400,103600
70,75,92100,110100
70,75,78300,109600
70,75,81100,103000
70,75,127100,163900
70,75,129300,168900
70,75,85700,104600
70,75,89200,111100
70,75,102600,104700
70,75,92000,104500
70,75,92100,104600
70,75,83900,108500
70,75,94600,107700
70,75,99700,106300
70,75,93700,106100
70,75,94800,107900
70,75,87100,111300
70,75,81300,125900
70,75,70400,102400
70,75,73900,105600
70,75,73600,98400
70,75,85700,102900
70,75,78400,102300
70,75,74300,98300
70,75,68800,97800
70,75,75900,98500
70,75,72500,103900
70,75,70400,107100
70,75,77500,102600
70,75,73500,105100
70,75,74000,103300
70,75,69800,104100
70,75,76400,98300
70,75,73400,101000
70,75,85000,105600
70,75,73500,105300
70,75,94100,106700
70,75,101100,118700
70,75,107100,123400
70,75,105800,112000
70,75,82800,107700
70,75,82400,102300
70,75,89500,108200
70,75,87700,109000
70,75,78800,106800
70,75,77000,96400
70,75,71800,107400
70,75,74700,104300
70,75,74300,106500
70,75,73500,102500
70,75,71900,101500
70,75,70800,107400
70,75,74600,111500
70,75,70500,95500
70,75,69800,101800
70,75,73200,104700
70,75,71100,98700
70,75,71400,105300
70,75,75400,96600
70,75,81400,107000
70,75,69200,105100
70,75,82300,113200
70,75,72300,100700
70,75,75700,98600
70,75,75800,111200
70,75,97300,101900
70,75,71800,102900
70,75,69600,99500
70,75,70600,111800
70,75,78400,104300
70,75,69900,105500
70,75,69500,105800
70,99,95200,87500
70,99,81500,85500
70,99,84700,81300
70,99,94900,84300
70,99,82200,82400
70,99,79400,81000
70,99,80500,88700
70,99,86100,81000
70,99,82600,82700
70,99,88500,86100
70,99,79800,83800
70,99,88900,81400
70,99,83200,83900
70,99,79400,83600
70,99,82100,88300
70,99,80500,81500
70,99,88900,82900
70,99,80500,89500
70,99,81900,81200
70,99,82600,84400
70,99,79700,82300
70,99,85700,82300
70,99,81900,82000
70,99,80000,83100
70,99,82400,81200
70,99,80800,83400
70,99,83900,81200
70,99,84900,91900
70,99,85200,83100
70,99,79700,82200
70,99,161500,82800
70,99,86400,181400
70,99,115100,84100
70,99,77500,82300
70,99,76900,90300
70,99,80400,81700
70,99,80500,88600
70,99,93800,83300
70,99,80800,82600
70,99,79200,82800
70,99,80200,88200
70,99,82500,83400
70,99,81800,81000
70,99,79100,81900
70,99,86500,86800
70,99,79500,82200
70,99,80500,83900
70,99,79300,80900
70,99,80900,80900
70,99,84000,88300
70,99,79900,82000
70,99,81200,81900
70,99,78800,80900
70,99,81500,86100
70,99,86000,80900
70,99,80000,81800
70,99,79000,82100
70,99,79300,83000
70,99,81300,81200
70,99,80800,80900
70,99,78100,80900
70,99,81100,86100
70,99,81600,81100
70,99,92400,82900
70,99,80100,81000
70,99,78600,82400
70,99,80500,81000
70,99,86700,84100
70,99,129300,117800
70,99,79200,85400
70,99,80500,80800
70,99,79900,80700
70,99,82700,81800
70,99,81800,82200
70,99,81100,82000
70,99,79700,81400
70,99,80800,81000
70,99,81100,82100
70,99,81800,80900
70,99,83800,82700
70,99,79700,81100
70,99,82900,88100
70,99,82800,84200
70,99,94100,82500
70,99,83600,90800
70,99,81100,83200
70,99,87700,82000
70,99,87100,80700
70,99,79100,81000
70,99,81000,83200
70,99,79500,82200
70,99,84600,81400
70,99,84200,85400
70,99,81800,83800
70,99,79900,82400
70,99,88000,90200
70,99,81900,82200
70,99,79600,82600
70,99,80300,84200
70,99,80200,81300
80,25,65600,112900
80,25,62700,114300
80,25,63300,123800
80,25,60500,109900
80,25,64300,112000
80,25,62100,112900
80,25,60400,110800
80,25,64600,109900
80,25,61200,115200
80,25,66000,109100
80,25,61400,110800
80,25,64800,111800
80,25,61700,115000
80,25,84500,110200
80,25,61400,113300
80,25,60800,114800
80,25,64900,188600
80,25,60400,112300
80,25,60400,112700
80,25,64500,115000
80,25,62700,109800
80,25,65400,176500
80,25,59700,109900
80,25,60900,112700
80,25,60700,108800
80,25,60400,119100
80,25,59600,112100
80,25,60500,114800
80,25,65400,111800
80,25,71100,114100
80,25,62000,121600
80,25,59400,111800
80,25,62000,109900
80,25,63900,110200
80,25,61600,121200
80,25,63000,111700
80,25,59900,116000
80,25,63200,110900
80,25,115500,140600
80,25,61900,109900
80,25,60400,108400
80,25,66700,108000
80,25,59500,109800
80,25,62500,107800
80,25,60900,108400
80,25,61000,112100
80,25,62300,115400
80,25,60200,111400
80,25,64200,113500
80,25,70000,114600
80,25,80600,112000
80,25,62700,109000
80,25,60200,122200
80,25,64000,118600
80,25,62100,125400
80,25,60600,113500
80,25,69100,119700
80,25,61700,111900
80,25,61400,110200
80,25,63600,113600
80,25,62200,113300
80,25,61200,111200
80,25,75100,112700
80,25,83800,113900
80,25,62000,111500
80,25,60000,112700
80,25,61900,109900
80,25,60000,111000
80,25,62200,112800
80,25,95200,109900
80,25,61200,116400
80,25,62000,113700
80,25,60500,116300
80,25,70200,117600
80,25,60200,113800
80,25,61200,116200
80,25,227400,109400
80,25,60300,108300
80,25,60600,109100
80,25,60300,107500
80,25,59900,112600
80,25,60400,110200
80,25,61000,115300
80,25,61300,110800
80,25,63100,113800
80,25,60600,114100
80,25,60200,108000
80,25,60300,112700
80,25,61200,109700
80,25,60800,112900
80,25,63600,112400
80,25,59900,106900
80,25,59200,121100
80,25,62400,111800
80,25,61100,110900
80,25,60000,112800
80,25,70400,114600
80,25,67900,113100
80,25,61200,113400
80,25,59500,112600
80,50,76200,148900
80,50,83900,152500
80,50,79300,146400
80,50,76200,148000
80,50,76800,162200
80,50,82000,155300
80,50,83100,147600
80,50,78900,149000
80,50,76700,151400
80,50,80100,150400
80,50,76000,154600
80,50,79900,148600
80,50,110300,152400
80,50,93300,167700
80,50,78700,149700
80,50,76400,220500
80,50,91400,149100
80,50,76700,151600
80,50,79100,157300
80,50,77800,146100
80,50,78500,144900
80,50,79400,154600
80,50,78400,147400
80,50,84500,151700
80,50,76600,153300
80,50,80900,155300
80,50,78300,147500
80,50,82100,143100
80,50,94000,152500
80,50,77400,146100
80,50,75600,148100
80,50,77400,150500
80,50,81200,152600
80,50,86500,152700
80,50,76800,150500
80,50,77900,144400
80,50,75100,146100
80,50,79300,151100
80,50,77100,156500
80,50,75400,148400
80,50,76600,155600
80,50,77300,149100
80,50,83000,152600
80,50,79900,153300
80,50,76600,150300
80,50,74900,148000
80,50,78500,154700
80,50,84800,152900
80,50,75600,147700
80,50,76200,147000
80,50,76000,155000
80,50,76900,153000
80,50,83100,150000
80,50,79400,147300
80,50,77500,151200
80,50,76600,150100
80,50,79800,154000
80,50,83100,154300
80,50,76900,151000
80,50,80500,150200
80,50,76500,153700
80,50,80200,150200
80,50,112700,153600
80,50,88800,152800
80,50,76500,153700
80,50,77000,149000
80,50,76900,153400
80,50,86400,155500
80,50,74700,152000
80,50,77200,167600
80,50,79300,154800
80,50,108500,167600
80,50,95800,163700
80,50,123000,160000
80,50,75900,150400
80,50,76100,147000
80,50,78600,148200
80,50,86600,151100
80,50,94700,151000
80,50,77000,148700
80,50,77100,149500
80,50,90200,152200
80,50,77800,150100
80,50,80400,151500
80,50,77000,151700
80,50,82500,152200
80,50,77700,150400
80,50,86600,159800
80,50,77900,150200
80,50,80400,149300
80,50,79800,150800
80,50,87200,149700
80,50,83000,144800
80,50,80900,149500
80,50,79200,153000
80,50,83800,154800
80,50,75300,157200
80,50,130300,181400
80,50,75800,149100
80,50,78600,150700
80,75,97800,129800
80,75,101100,126000
80,75,97000,135900
80,75,92700,155600
80,75,91700,138900
80,75,101800,129900
80,75,90100,129800
80,75,90100,126200
80,75,91900,129500
80,75,105300,148000
80,75,92900,134200
80,75,91300,126500
80,75,92900,175200
80,75,94200,175200
80,75,91500,129400
80,75,99100,127600
80,75,99000,134500
80,75,98000,125900
80,75,90200,130800
80,75,97900,140000
80,75,105000,141700
80,75,91800,126900
80,75,90300,127200
80,75,92300,122300
80,75,107900,134400
80,75,90300,128200
80,75,94600,129100
80,75,100000,133100
80,75,239700,150900
80,75,92800,131000
80,75,95900,142700
80,75,91500,133000
80,75,95200,133900
80,75,94900,127900
80,75,118900,137600
80,75,95200,129800
80,75,94200,134700
80,75,93400,128700
80,75,101800,119600
80,75,98200,128600
80,75,91100,122300
80,75,113700,123400
80,75,101000,139900
80,75,92100,127100
80,75,95400,131700
80,75,97000,130800
80,75,92300,134600
80,75,91600,134300
80,75,90300,132400
80,75,90400,138100
80,75,95600,160300
80,75,94800,128000
80,75,92500,129100
80,75,96000,131000
80,75,101800,133700
80,75,91300,140900
80,75,95700,134000
80,75,114800,132900
80,75,95100,130600
80,75,93000,132300
80,75,100800,129500
80,75,127400,134300
80,75,92000,135900
80,75,93400,135100
80,75,102300,128500
80,75,122900,122700
80,75,94900,123000
80,75,90800,134200
80,75,99000,143300
80,75,94500,139400
80,75,90500,136200
80,75,101600,137300
80,75,96600,122200
80,75,93400,141400
80,75,93000,124200
80,75,92400,134800
80,75,96400,128000
80,75,95800,130700
80,75,93900,124800
80,75,104600,128700
80,75,93900,129200
80,75,93900,132800
80,75,97800,135800
80,75,94500,132700
80,75,93400,134200
80,75,94400,136100
80,75,102200,122000
80,75,95000,131200
80,75,91300,126700
80,75,96200,134900
80,75,94700,132700
80,75,97600,134100
80,75,92300,137600
80,75,97300,125100
80,75,102800,128000
80,75,91300,125400
80,75,100200,131000
80,75,98300,125500
80,75,94500,135600
80,75,95400,126500
80,99,106200,103600
80,99,119500,103800
80,99,107900,103300
80,99,110300,104500
80,99,110400,105700
80,99,109200,107100
80,99,105900,103700
80,99,114500,105000
80,99,106400,103600
80,99,107800,108900
80,99,109000,106000
80,99,112200,104600
80,99,112900,106400
80,99,118600,105100
80,99,106200,104800
80,99,103600,105200
80,99,105100,106100
80,99,119800,103900
80,99,179600,103600
80,99,108700,105000
80,99,114900,104900
80,99,106500,104000
80,99,104400,104800
80,99,108100,113700
80,99,125800,103600
80,99,111300,103900
80,99,125200,108600
80,99,107000,105200
80,99,111200,119200
80,99,103900,105000
80,99,113100,105100
80,99,106400,105500
80,99,119300,104100
80,99,106100,103700
80,99,108100,104200
80,99,119800,103800
80,99,117900,108500
80,99,112500,105800
80,99,120600,106900
80,99,105500,104300
80,99,105500,103700
80,99,113700,106200
80,99,107300,104800
80,99,115800,107300
80,99,108900,107800
80,99,113200,106400
80,99,105700,105500
80,99,141400,106800
80,99,107500,104300
80,99,121100,106700
80,99,105600,106100
80,99,132000,109800
80,99,111500,105100
80,99,108600,107900
80,99,105200,104000
80,99,120800,107800
80,99,109200,105000
80,99,121000,107600
80,99,108500,105200
80,99,107400,223900
80,99,111900,105200
80,99,145800,108700
80,99,110900,108300
80,99,125700,105800
80,99,114600,104500
80,99,107000,103700
80,99,104100,103500
80,99,105600,105700
80,99,107400,105500
80,99,136800,105200
80,99,109600,104500
80,99,106400,103700
80,99,110800,105900
80,99,118700,105400
80,99,110700,105800
80,99,103200,105700
80,99,120600,106400
80,99,112200,104800
80,99,105300,104800
80,99,108100,103900
80,99,116900,107100
80,99,111600,106600
80,99,121100,104000
80,99,185600,114200
80,99,117100,107300
80,99,107500,104000
80,99,117100,103800
80,99,108100,104600
80,99,130000,103600
80,99,108000,104600
80,99,112600,119900
80,99,106500,110800
80,99,123800,106200
80,99,106300,106200
80,99,118100,107400
80,99,110600,103500
80,99,114400,103500
80,99,111500,104700
80,99,109900,104300
80,99,106600,104600
90,25,80500,140400
90,25,80500,143600
90,25,79300,153200
90,25,79100,139500
90,25,77600,140900
90,25,77000,140400
90,25,79300,143300
90,25,77000,145700
90,25,80400,144400
90,25,82600,147200
90,25,85000,138900
90,25,78800,140800
90,25,138400,232800
90,25,76900,143400
90,25,79600,145600
90,25,79300,146500
90,25,81600,143300
90,25,77400,137100
90,25,76300,139600
90,25,80300,143500
90,25,80900,142200
90,25,77300,146000
90,25,101900,144000
90,25,83300,151800
90,25,78500,139200
90,25,80900,146900
90,25,93100,142200
90,25,88900,143000
90,25,85200,145000
90,25,80700,146500
90,25,81700,141300
90,25,81000,143100
90,25,78600,141700
90,25,93900,139500
90,25,85500,141700
90,25,81200,147300
90,25,78600,147200
90,25,86600,143300
90,25,81000,139800
90,25,79500,140300
90,25,79800,145700
90,25,77700,140000
90,25,77900,143300
90,25,77600,145600
90,25,82000,142200
90,25,78900,143800
90,25,80400,143600
90,25,80800,141600
90,25,81600,139100
90,25,80300,148700
90,25,79200,144100
90,25,87600,144500
90,25,79700,142700
90,25,77600,143600
90,25,79200,141500
90,25,90000,157800
90,25,79200,145200
90,25,78300,140900
90,25,78500,142600
90,25,80900,141300
90,25,84700,142100
90,25,81000,144700
90,25,77200,144900
90,25,77100,141200
90,25,84400,142900
90,25,99500,144400
90,25,77700,146500
90,25,80100,145300
90,25,80600,140900
90,25,77900,141200
90,25,81500,141700
90,25,93000,141600
90,25,78600,140500
90,25,81200,147000
90,25,77000,146600
90,25,79400,140500
90,25,82500,137700
90,25,79800,143800
90,25,79200,141100
90,25,80000,141600
90,25,77000,140000
90,25,78600,145400
90,25,88800,141300
90,25,85300,141100
90,25,77200,144900
90,25,81600,142500
90,25,79700,142800
90,25,78800,143200
90,25,77700,142500
90,25,92500,140400
90,25,78800,140200
90,25,84500,148900
90,25,81500,142600
90,25,80800,141300
90,25,90200,145300
90,25,89800,141300
90,25,81900,141800
90,25,77600,144200
90,25,78000,142100
90,25,80700,144900
90,50,112700,199000
90,50,101600,190300
90,50,101300,195500
90,50,99900,198800
90,50,101800,197700
90,50,102400,193200
90,50,107100,197300
90,50,109600,191200
90,50,111400,196500
90,50,136000,201200
90,50,102200,215800
90,50,102400,199600
90,50,109600,193900
90,50,100300,196500
90,50,184700,191200
90,50,102500,188700
90,50,106000,189300
90,50,100700,187300
90,50,105100,190800
90,50,104800,191800
90,50,100900,195100
90,50,117700,194800
90,50,101800,190700
90,50,146900,189600
90,50,109300,192500
90,50,104200,195000
90,50,114600,192800
90,50,99600,184000
90,50,109700,190500
90,50,103900,191000
90,50,103300,184100
90,50,99200,271000
90,50,114100,258600
90,50,123900,201000
90,50,115400,189800
90,50,104500,191700
90,50,115200,192500
90,50,103200,188100
90,50,114400,191200
90,50,107500,196000
90,50,103500,185500
90,50,125900,271200
90,50,101000,194900
90,50,105200,191600
90,50,104100,198200
90,50,100200,196500
90,50,105400,190400
90,50,103300,200300
90,50,112400,188800
90,50,104700,200100
90,50,100600,190900
90,50,100300,199000
90,50,109300,197200
90,50,104300,184800
90,50,102500,191000
90,50,114000,190300
90,50,108700,191400
90,50,99300,189500
90,50,98600,197100
90,50,108700,197400
90,50,103400,188500
90,50,112200,195900
90,50,187700,357600
90,50,116400,198500
90,50,118100,194900
90,50,100000,184600
90,50,102500,197400
90,50,102100,197800
90,50,117900,194700
90,50,97900,199100
90,50,102100,185400
90,50,105200,186300
90,50,99200,193000
90,50,112900,188300
90,50,98700,198900
90,50,107600,198300
90,50,103800,196300
90,50,106400,191700
90,50,101700,186200
90,50,112700,202200
90,50,103100,189900
90,50,99600,183100
90,50,114200,188900
90,50,122800,193300
90,50,103400,203000
90,50,104700,194500
90,50,115600,195800
90,50,101200,195500
90,50,109100,214600
90,50,107900,193500
90,50,115400,210400
90,50,102900,189600
90,50,100000,193900
90,50,112100,195200
90,50,100200,192300
90,50,106400,194200
90,50,133800,192500
90,50,96700,200200
90,50,102500,197800
90,50,101400,196800
90,75,130300,164900
90,75,130300,180400
90,75,129100,176300
90,75,216500,160400
90,75,123700,181900
90,75,125700,158100
90,75,154000,168800
90,75,146300,178100
90,75,189600,203000
90,75,216000,282400
90,75,135300,152700
90,75,136700,170400
90,75,123700,171500
90,75,134600,168600
90,75,118900,173900
90,75,132800,167500
90,75,137000,163800
90,75,121700,164100
90,75,122700,165300
90,75,118900,168000
90,75,196100,248100
90,75,143200,174400
90,75,123400,169200
90,75,124600,173100
90,75,138300,169100
90,75,135900,174400
90,75,134500,164300
90,75,128500,169100
90,75,127900,168700
90,75,123600,166200
90,75,166500,168400
90,75,139100,164600
90,75,122100,171700
90,75,128300,161800
90,75,124800,162700
90,75,134200,177900
90,75,140400,166300
90,75,128100,189500
90,75,121400,169200
90,75,117500,166200
90,75,121800,175000
90,75,135500,176700
90,75,124300,165800
90,75,122300,179200
90,75,122000,159200
90,75,123000,172500
90,75,130500,163300
90,75,122500,165100
90,75,123800,166700
90,75,129500,170100
90,75,137500,160100
90,75,136000,158900
90,75,130100,165700
90,75,126400,165200
90,75,122800,167200
90,75,133300,170500
90,75,131500,174000
90,75,123500,190900
90,75,117500,170700
90,75,118800,166500
90,75,138600,172200
90,75,139700,164800
90,75,144800,168100
90,75,122400,162500
90,75,131200,173100
90,75,135000,169100
90,75,134200,171100
90,75,123100,171400
90,75,116500,160000
90,75,121300,165900
90,75,128200,164800
90,75,136500,169300
90,75,118600,172600
90,75,122500,154300
90,75,129000,169800
90,75,130200,164800
90,75,136400,170300
90,75,121700,230100
90,75,128700,171200
90,75,121500,171200
90,75,140200,165900
90,75,139100,178000
90,75,149100,172100
90,75,160900,171200
90,75,119100,162100
90,75,123800,169900
90,75,139600,168500
90,75,125900,167700
90,75,123700,171100
90,75,119600,171600
90,75,124700,173200
90,75,140300,177300
90,75,128300,157200
90,75,134200,168700
90,75,121400,156700
90,75,121000,157000
90,75,149300,171600
90,75,124400,180300
90,75,126800,168900
90,75,139200,170600
90,99,145000,132700
90,99,151500,140500
90,99,159000,135200
90,99,142700,134000
90,99,156400,133500
90,99,159200,133300
90,99,146000,137800
90,99,142300,132300
90,99,146000,133300
90,99,160000,138300
90,99,139400,147400
90,99,147800,135200
90,99,140900,151500
90,99,145600,145200
90,99,209700,148900
90,99,136200,133400
90,99,140300,144800
90,99,135600,133200
90,99,154100,132100
90,99,153200,135200
90,99,156800,132400
90,99,140700,134900
90,99,162800,133700
90,99,157900,148100
90,99,138600,132600
90,99,147300,132100
90,99,143400,133500
90,99,150800,134000
90,99,151700,139000
90,99,140300,133600
90,99,143400,133300
90,99,170200,133700
90,99,138300,133200
90,99,136900,134900
90,99,137600,133700
90,99,167700,146300
90,99,144500,135100
90,99,141700,133200
90,99,136900,132300
90,99,147000,133500
90,99,149800,133400
90,99,149600,138500
90,99,151700,137100
90,99,145600,144400
90,99,156400,132200
90,99,152000,134900
90,99,139800,136100
90,99,142100,133500
90,99,157900,136000
90,99,145900,133700
90,99,151400,143800
90,99,139200,134000
90,99,187400,134900
90,99,149100,136600
90,99,158200,133600
90,99,155400,133900
90,99,141000,138600
90,99,155800,135100
90,99,148700,133600
90,99,142000,133900
90,99,249000,149600
90,99,167800,133000
90,99,151800,133400
90,99,156600,132800
90,99,141000,138900
90,99,157000,135200
90,99,148900,134100
90,99,154500,134800
90,99,157400,132500
90,99,156600,134300
90,99,184000,135400
90,99,156900,137700
90,99,137600,133200
90,99,154700,134700
90,99,240400,133600
90,99,139900,133400
90,99,135800,134700
90,99,138600,136500
90,99,158300,134300
90,99,151800,134500
90,99,139300,135400
90,99,140800,137700
90,99,169700,137500
90,99,245900,235200
90,99,154300,141000
90,99,144600,136400
90,99,143000,132000
90,99,159700,141600
90,99,162800,133600
90,99,154800,137500
90,99,138300,132100
90,99,160100,133300
90,99,144900,131800
90,99,137700,134900
90,99,142100,134300
90,99,169600,134500
90,99,142900,134100
90,99,145800,133600
90,99,138300,136200
90,99,144400,133500
100,25,101300,180100
100,25,95600,170900
100,25,109700,169700
100,25,99700,173700
100,25,96100,174900
100,25,96700,174400
100,25,96400,171900
100,25,99600,176200
100,25,105300,173800
100,25,98200,177800
100,25,97500,183800
100,25,100800,178200
100,25,98600,174800
100,25,97100,175300
100,25,95600,177700
100,25,104700,174000
100,25,126400,179000
100,25,103900,173200
100,25,95800,241200
100,25,100000,173000
100,25,97700,174300
100,25,98600,175800
100,25,97500,176800
100,25,118000,384000
100,25,101400,171600
100,25,95700,176000
100,25,96900,169800
100,25,159700,183800
100,25,97600,174600
100,25,105300,177900
100,25,96400,173300
100,25,98900,176800
100,25,101800,174500
100,25,94800,173200
100,25,96300,173400
100,25,96800,178000
100,25,96400,173100
100,25,96500,186300
100,25,107900,183100
100,25,99300,176000
100,25,103200,179600
100,25,96600,174900
100,25,106100,176500
100,25,96200,171800
100,25,100500,170900
100,25,96100,175100
100,25,94900,182800
100,25,99100,260700
100,25,98600,174300
100,25,97200,177600
100,25,95100,175500
100,25,101800,173400
100,25,97600,181000
100,25,105200,173400
100,25,95200,169600
100,25,96300,176400
100,25,137800,198600
100,25,95800,173900
100,25,97500,173000
100,25,96600,173700
100,25,97500,178800
100,25,100600,176600
100,25,95300,176200
100,25,104400,177300
100,25,109600,187700
100,25,99200,178500
100,25,96400,178500
100,25,127500,175000
100,25,98400,171600
100,25,97400,169500
100,25,100500,173700
100,25,96700,171900
100,25,99300,172300
100,25,97900,172200
100,25,97900,170100
100,25,105800,174100
100,25,105300,169800
100,25,117800,168900
100,25,97400,176100
100,25,102200,185300
100,25,98700,183700
100,25,97500,175700
100,25,95600,177300
100,25,95700,180600
100,25,106200,171000
100,25,103300,175000
100,25,102300,177700
100,25,103100,178400
100,25,99000,177500
100,25,98900,173900
100,25,101200,180500
100,25,101500,235700
100,25,96800,174100
100,25,101200,175400
100,25,98600,172100
100,25,99500,175700
100,25,232800,179000
100,25,98300,171700
100,25,147100,179400
100,25,103800,179800
100,50,125000,239600
100,50,143200,267400
100,50,143400,258400
100,50,134000,240000
100,50,143800,252400
100,50,140400,256900
100,50,144200,255000
100,50,139600,250800
100,50,146900,251400
100,50,205700,376500
100,50,143800,257700
100,50,126500,237000
100,50,146900,231600
100,50,127100,236200
100,50,132500,232400
100,50,128700,235800
100,50,132200,235900
100,50,124600,239800
100,50,131000,247200
100,50,128300,223700
100,50,129500,245300
100,50,124200,236300
100,50,141400,256200
100,50,127200,246300
100,50,124700,315200
100,50,126800,247400
100,50,125200,244300
100,50,131400,236900
100,50,125200,251800
100,50,130800,236100
100,50,124700,234900
100,50,233400,243100
100,50,126900,312700
100,50,128100,236800
100,50,127100,233100
100,50,126000,238600
100,50,129300,243000
100,50,131200,241300
100,50,122800,236500
100,50,126100,240100
100,50,127100,239600
100,50,127100,229800
100,50,124600,396900
100,50,122600,237800
100,50,136000,233600
100,50,129700,241500
100,50,130500,240000
100,50,125800,232400
100,50,128000,240700
100,50,126700,242100
100,50,122800,244100
100,50,124400,242400
100,50,130600,234200
100,50,124100,239600
100,50,126900,235200
100,50,124900,237900
100,50,123000,241900
100,50,127700,235800
100,50,123000,240200
100,50,130900,236400
100,50,122400,238700
100,50,122400,239900
100,50,128300,235300
100,50,136100,245600
100,50,123700,243100
100,50,125400,239200
100,50,174900,242900
100,50,176400,242000
100,50,121000,233900
100,50,133100,226700
100,50,127500,229600
100,50,125300,231500
100,50,122900,236600
100,50,120700,234000
100,50,135600,248000
100,50,136400,233000
100,50,155400,244400
100,50,187000,225100
100,50,121900,213300
100,50,129700,224700
100,50,132200,235900
100,50,125800,236800
100,50,172300,259600
100,50,138300,235500
100,50,131400,235100
100,50,121000,236100
100,50,121300,241300
100,50,158300,239400
100,50,127700,231400
100,50,120700,239700
100,50,123000,308800
100,50,119900,232600
100,50,132700,239900
100,50,131400,230600
100,50,122300,242700
100,50,122900,244900
100,50,121000,236200
100,50,124500,249800
100,50,152500,238300
100,50,122500,241600
100,75,147400,202400
100,75,156200,197200
100,75,145300,199300
100,75,146700,204700
100,75,154300,210200
100,75,148400,194900
100,75,145300,210400
100,75,151300,205600
100,75,143900,200200
100,75,145500,204800
100,75,155000,278600
100,75,164100,212000
100,75,145300,206300
100,75,207700,195100
100,75,150400,214300
100,75,147800,199500
100,75,156500,209500
100,75,163800,212800
100,75,156000,197900
100,75,148200,196400
100,75,155800,205000
100,75,146200,200300
100,75,144700,204600
100,75,149500,210200
100,75,203300,248300
100,75,159800,215800
100,75,168700,203800
100,75,174200,218800
100,75,150800,215200
100,75,150100,215000
100,75,265500,214500
100,75,145100,204700
100,75,145500,208500
100,75,155200,206900
100,75,154700,200000
100,75,157000,207300
100,75,152400,205000
100,75,158300,207600
100,75,145200,206800
100,75,150700,210800
100,75,155300,209400
100,75,144500,212700
100,75,151900,214900
100,75,159400,202800
100,75,149400,205300
100,75,152600,212700
100,75,154600,204900
100,75,160200,209300
100,75,149000,288200
100,75,201300,258400
100,75,154500,200900
100,75,148500,211200
100,75,151300,212800
100,75,154100,216000
100,75,146500,211800
100,75,145300,209000
100,75,260300,310300
100,75,206900,251000
100,75,180400,211700
100,75,179800,226600
100,75,164700,274800
100,75,159900,207800
100,75,160000,200600
100,75,163000,208300
100,75,149500,200100
100,75,159000,216700
100,75,152700,220200
100,75,156300,199900
100,75,165400,192900
100,75,150800,191200
100,75,159100,203100
100,75,148100,197300
100,75,155200,203600
100,75,156000,197900
100,75,149600,198800
100,75,149100,196800
100,75,150400,227800
100,75,152200,211500
100,75,153800,187400
100,75,148700,208000
100,75,147900,201000
100,75,166400,205700
100,75,148400,211700
100,75,151100,210100
100,75,150900,219000
100,75,156100,201600
100,75,148600,198400
100,75,154100,207600
100,75,163000,194800
100,75,150000,200600
100,75,158100,216200
100,75,155900,199900
100,75,148200,201700
100,75,146200,208000
100,75,158400,202000
100,75,150400,203900
100,75,151900,208900
100,75,150700,206300
100,75,148400,214300
100,75,150800,201200
100,99,174200,164200
100,99,176200,171200
100,99,172500,160700
100,99,177700,162300
100,99,170500,204100
100,99,171600,160400
100,99,193300,162400
100,99,170900,164700
100,99,167800,162300
100,99,174700,175100
100,99,173500,161100
100,99,168700,161800
100,99,177200,165600
100,99,168200,164300
100,99,348500,166400
100,99,171000,242500
100,99,168600,173200
100,99,164700,164400
100,99,176900,163700
100,99,173700,163600
100,99,179200,162200
100,99,175600,162600
100,99,168700,165900
100,99,183000,165300
100,99,174600,161200
100,99,166800,164900
100,99,174700,163800
100,99,263200,163200
100,99,168900,165400
100,99,176100,163800
100,99,181100,162900
100,99,178400,164300
100,99,176800,162000
100,99,170300,162200
100,99,286100,174100
100,99,177600,163000
100,99,205300,168200
100,99,171600,295800
100,99,210700,161100
100,99,174900,163400
100,99,175400,163400
100,99,175200,166100
100,99,175000,162100
100,99,175200,174900
100,99,172100,161600
100,99,185300,163700
100,99,175200,161800
100,99,167900,165500
100,99,195200,163800
100,99,172600,161700
100,99,169300,163100
100,99,182800,160400
100,99,179900,163400
100,99,185700,167400
100,99,183100,162400
100,99,247700,205500
100,99,222500,165700
100,99,216200,166600
100,99,174400,163500
100,99,186000,160800
100,99,226600,166200
100,99,176400,172400
100,99,187600,170200
100,99,201800,171100
100,99,196000,165100
100,99,178300,162300
100,99,186500,164000
100,99,184000,163500
100,99,178900,162300
100,99,174400,160900
100,99,187500,167200
100,99,176700,163900
100,99,171400,160400
100,99,272900,161900
100,99,174600,168900
100,99,172600,162000
100,99,187000,162100
100,99,178300,164200
100,99,168100,160300
100,99,169500,163100
100,99,176800,166700
100,99,185800,162700
100,99,177000,167100
100,99,174600,162800
100,99,168900,166200
100,99,179000,241200
100,99,178100,160900
100,99,181500,167700
100,99,178000,169500
100,99,166100,162600
100,99,190600,170800
100,99,186400,161100
100,99,230300,172300
100,99,260900,210800
100,99,253000,173400
100,99,231400,173200
100,99,210000,169600
100,99,253900,176600
100,99,183200,162200
100,99,173900,163200
