10,25,4600,2600
10,25,3500,3400
10,25,3600,2000
10,25,3700,2100
10,25,3400,2200
10,25,3800,2100
10,25,3700,2000
10,25,3500,2100
10,25,3500,2000
10,25,4400,2100
10,25,3700,2100
10,25,3500,2200
10,25,3600,2100
10,25,3600,2200
10,25,3400,2200
10,25,3500,2100
10,25,3400,2000
10,25,5100,2000
10,25,3400,2000
10,25,3600,2200
10,25,3800,2100
10,25,3500,2000
10,25,3500,2100
10,25,3500,2200
10,25,3500,2100
10,25,4600,2000
10,25,3300,1900
10,25,3600,2300
10,25,3500,3300
10,25,3500,2100
10,25,3500,5100
10,25,3700,2100
10,25,3300,2000
10,25,4700,2000
10,25,3500,2100
10,25,3200,2000
10,25,3600,3500
10,25,3500,2100
10,25,3300,2100
10,25,6600,4900
10,25,6300,4900
10,25,3500,2100
10,25,3600,2200
10,25,3500,2000
10,25,4900,2000
10,25,3400,2100
10,25,3300,2100
10,25,3300,2000
10,25,3600,2100
10,25,3300,2100
10,25,3600,1900
10,25,3500,2000
10,25,5200,2300
10,25,3400,1900
10,25,3300,2000
10,25,3800,2000
10,25,3400,2000
10,25,3400,2000
10,25,3500,2100
10,25,3300,1900
10,25,4600,2000
10,25,3300,2100
10,25,3600,2000
10,25,3500,3300
10,25,3400,2000
10,25,3400,5200
10,25,3300,2100
10,25,3400,2100
10,25,3600,2000
10,25,3500,2200
10,25,3700,2200
10,25,4700,2200
10,25,3400,2000
10,25,3500,2100
10,25,3300,2000
10,25,3300,2100
10,25,3600,2200
10,25,3600,2200
10,25,3300,2100
10,25,4700,2200
10,25,6700,5200
10,25,6300,5000
10,25,3200,2000
10,25,3300,2100
10,25,3300,2000
10,25,3400,1800
10,25,3200,2000
10,25,4500,2100
10,25,3500,2000
10,25,3400,2100
10,25,3600,3300
10,25,3200,2100
10,25,3200,2000
10,25,3400,2000
10,25,3500,2100
10,25,3400,2200
10,25,3300,2000
10,25,3400,2100
10,25,3300,3300
10,25,3300,2100
10,50,7600,3700
10,50,7100,3300
10,50,26500,25200
10,50,7000,5200
10,50,7200,3600
10,50,7500,3600
10,50,7800,3700
10,50,8400,3600
10,50,12700,3700
10,50,6900,4700
10,50,6700,3700
10,50,6900,3400
10,50,7200,3600
10,50,6900,3400
10,50,8100,3200
10,50,7000,3400
10,50,7200,9700
10,50,7100,6600
10,50,7500,3700
10,50,7400,3700
10,50,8600,3600
10,50,11700,7600
10,50,10500,6400
10,50,6700,3400
10,50,7500,3500
10,50,7600,3400
10,50,13100,3600
10,50,10900,5200
10,50,6700,3200
10,50,6800,3200
10,50,7000,3500
10,50,6800,3300
10,50,8300,3300
10,50,6500,4700
10,50,6600,3500
10,50,6900,3600
10,50,7100,3400
10,50,7100,3300
10,50,9000,6900
10,50,8200,3700
10,50,6900,3400
10,50,7200,3900
10,50,7400,3900
10,50,7800,3700
10,50,8000,3700
10,50,13400,4100
10,50,11800,4600
10,50,7100,3200
10,50,7200,3800
10,50,7100,3400
10,50,7100,3400
10,50,8300,3600
10,50,7000,4400
10,50,7300,3300
10,50,6900,3200
10,50,7200,3400
10,50,7000,3400
10,50,7900,3600
10,50,7000,4600
10,50,6900,3300
10,50,7000,3600
10,50,7200,3600
10,50,10900,6500
10,50,11200,6300
10,50,7100,5000
10,50,7000,3600
10,50,6900,3400
10,50,7200,3600
10,50,6800,3000
10,50,8000,3100
10,50,8400,3500
10,50,6700,3200
10,50,6800,3500
10,50,7300,3200
10,50,7800,4100
10,50,7300,3700
10,50,8600,3100
10,50,7000,3500
10,50,7300,4100
10,50,7200,3500
10,50,7300,6800
10,50,8100,3800
10,50,10700,3700
10,50,11200,3800
10,50,6900,3200
10,50,6800,3300
10,50,6700,3200
10,50,7200,3700
10,50,8200,3500
10,50,7200,5000
10,50,6800,3200
10,50,6700,3700
10,50,6800,3300
10,50,7400,3400
10,50,8100,3400
10,50,7100,4700
10,50,6700,3500
10,50,6900,3800
10,50,6700,3400
10,50,6900,3300
10,75,11500,5200
10,75,11700,4900
10,75,11600,5200
10,75,14600,7600
10,75,14700,7300
10,75,11200,5300
10,75,11600,40100
10,75,12100,5500
10,75,11500,4900
10,75,12100,5000
10,75,12200,5300
10,75,12000,4600
10,75,11900,5000
10,75,12300,6300
10,75,12700,6700
10,75,19200,5400
10,75,19100,5500
10,75,17700,8200
10,75,18000,6400
10,75,17300,9600
10,75,12100,4500
10,75,11400,4700
10,75,10900,4600
10,75,11000,4700
10,75,11500,4600
10,75,11200,4800
10,75,11000,4500
10,75,11700,5100
10,75,11500,4800
10,75,10900,5000
10,75,11400,5400
10,75,10800,4500
10,75,11300,4600
10,75,12300,4600
10,75,11100,6300
10,75,11700,5900
10,75,12700,4800
10,75,12700,5300
10,75,12400,4700
10,75,13400,5100
10,75,12800,5200
10,75,13000,5100
10,75,11700,5500
10,75,11200,4700
10,75,15300,8500
10,75,15100,11000
10,75,12200,5300
10,75,12100,7000
10,75,12900,4800
10,75,11400,4600
10,75,11600,4800
10,75,12600,5200
10,75,14500,5300
10,75,17900,5200
10,75,17400,7400
10,75,16600,7400
10,75,16400,8300
10,75,17100,9200
10,75,12200,5100
10,75,12800,4900
10,75,12600,4900
10,75,12900,4900
10,75,10800,4700
10,75,11500,4800
10,75,11900,5000
10,75,11600,4900
10,75,11000,4500
10,75,11500,4900
10,75,10300,4400
10,75,11100,4900
10,75,10600,4100
10,75,10900,4800
10,75,13100,4800
10,75,10700,10100
10,75,11800,4800
10,75,10900,5900
10,75,11300,6100
10,75,12900,4900
10,75,12500,5100
10,75,12600,5000
10,75,12500,5200
10,75,13000,5100
10,75,13700,5700
10,75,11700,4700
10,75,12300,5500
10,75,15600,8400
10,75,15300,8200
10,75,32400,25200
10,75,12500,5000
10,75,13100,5300
10,75,18000,5000
10,75,18500,5600
10,75,17600,5600
10,75,17500,5700
10,75,16800,12000
10,75,11600,6100
10,75,11200,6200
10,75,12800,4600
10,75,12700,4900
10,75,12100,4400
10,99,18600,6600
10,99,16000,6100
10,99,16800,7500
10,99,17800,6200
10,99,16600,5500
10,99,16600,6200
10,99,16700,6000
10,99,17500,6300
10,99,32400,6600
10,99,16200,6300
10,99,16700,7900
10,99,17500,6200
10,99,16900,5900
10,99,16600,6200
10,99,17500,7500
10,99,17600,6000
10,99,16800,9800
10,99,15900,6200
10,99,16900,7200
10,99,18300,6300
10,99,16100,6200
10,99,15900,5800
10,99,16700,7700
10,99,17500,6200
10,99,15800,5900
10,99,15900,5700
10,99,16500,7500
10,99,17900,6300
10,99,17000,6900
10,99,53100,6500
10,99,15800,7000
10,99,18000,6400
10,99,16400,5800
10,99,16700,6000
10,99,17100,7700
10,99,17500,6700
10,99,15800,6300
10,99,17000,6600
10,99,18100,9800
10,99,18100,6100
10,99,16800,6000
10,99,16900,5900
10,99,19300,6200
10,99,18500,6000
10,99,17400,6600
10,99,17300,8400
10,99,17600,6200
10,99,16600,6700
10,99,16500,6000
10,99,17400,8000
10,99,18900,6600
10,99,16300,6400
10,99,17100,6700
10,99,16700,7100
10,99,18300,6600
10,99,16800,6800
10,99,17300,7500
10,99,17600,8300
10,99,19800,6800
10,99,18700,6500
10,99,19300,6900
10,99,25300,6300
10,99,25300,6500
10,99,24100,7400
10,99,22800,7200
10,99,24900,8100
10,99,29500,12600
10,99,21600,11700
10,99,23600,11800
10,99,25100,13400
10,99,19300,9000
10,99,16600,6800
10,99,16400,7500
10,99,20200,6400
10,99,17100,6700
10,99,16700,6000
10,99,16800,13300
10,99,17900,6200
10,99,16300,6700
10,99,16700,6100
10,99,16500,7300
10,99,18300,6900
10,99,16600,9700
10,99,15500,6300
10,99,18400,6100
10,99,17800,6300
10,99,17100,6300
10,99,15700,6200
10,99,17300,5800
10,99,18300,6300
10,99,16800,6200
10,99,16600,6200
10,99,18200,6600
10,99,20100,6100
10,99,15500,6400
10,99,17500,7400
10,99,22200,6100
10,99,15800,5800
10,99,16600,6300
10,99,16900,16800
20,25,18200,10300
20,25,19500,8400
20,25,31000,8700
20,25,19600,8400
20,25,19800,8700
20,25,17600,8700
20,25,18100,8100
20,25,19700,8500
20,25,18300,8000
20,25,19100,8200
20,25,18000,8600
20,25,18300,10200
20,25,18300,9700
20,25,19800,8200
20,25,20400,8700
20,25,20300,9000
20,25,19200,11200
20,25,19000,8300
20,25,18000,8200
20,25,19200,8500
20,25,19300,8600
20,25,17500,8400
20,25,21000,10700
20,25,22000,13000
20,25,19900,8100
20,25,19500,8600
20,25,19500,14400
20,25,35600,22800
20,25,21000,8600
20,25,18500,8700
20,25,19800,8100
20,25,18200,8800
20,25,18600,8900
20,25,18700,8600
20,25,18100,10000
20,25,18500,9800
20,25,20200,9100
20,25,20300,9200
20,25,20200,9200
20,25,20600,8600
20,25,19500,8800
20,25,20500,10500
20,25,20400,9000
20,25,18000,8500
20,25,18000,8300
20,25,40100,10800
20,25,19000,9800
20,25,19600,8300
20,25,19200,8100
20,25,21000,8900
20,25,19900,8700
20,25,19000,8000
20,25,19500,8600
20,25,23800,8600
20,25,18600,8600
20,25,17900,8300
20,25,17400,9300
20,25,18500,10300
20,25,19100,8200
20,25,19600,8300
20,25,19400,8800
20,25,19100,14900
20,25,18600,8600
20,25,18100,8600
20,25,19100,8700
20,25,18700,8900
20,25,18600,12400
20,25,18400,9800
20,25,22400,12900
20,25,28300,11600
20,25,19900,8400
20,25,22800,8900
20,25,20100,8700
20,25,17700,8100
20,25,19400,8900
20,25,18400,9000
20,25,17700,8100
20,25,18600,8400
20,25,18600,10000
20,25,20100,10000
20,25,19600,8000
20,25,20800,9000
20,25,19700,8300
20,25,19100,8000
20,25,20100,8800
20,25,17600,8400
20,25,19400,8500
20,25,18900,8600
20,25,18200,8700
20,25,18400,9800
20,25,18200,9700
20,25,19400,9900
20,25,20100,8500
20,25,19900,8800
20,25,20300,8700
20,25,19800,7900
20,25,18500,8900
20,25,18600,8900
20,25,19400,9100
20,25,19000,8300
20,50,56800,19100
20,50,69100,21000
20,50,56100,19500
20,50,56600,18900
20,50,58600,19000
20,50,59800,19600
20,50,54500,17900
20,50,89700,37900
20,50,54400,18700
20,50,57500,19400
20,50,55600,20700
20,50,58100,21700
20,50,53000,20400
20,50,52700,20200
20,50,60100,23500
20,50,55700,23200
20,50,54300,20700
20,50,54000,23100
20,50,51900,18900
20,50,57400,20300
20,50,62000,20600
20,50,51600,19000
20,50,52200,19200
20,50,53600,19400
20,50,55100,20600
20,50,53500,19500
20,50,53600,19400
20,50,53300,25100
20,50,58400,20300
20,50,56000,20400
20,50,55700,20400
20,50,56700,20700
20,50,55900,19900
20,50,53100,19900
20,50,53400,20100
20,50,55100,21100
20,50,56200,21300
20,50,57000,20600
20,50,58600,19800
20,50,56600,19000
20,50,56400,19100
20,50,57500,20900
20,50,55300,18300
20,50,58200,18400
20,50,55700,19300
20,50,65800,18900
20,50,53900,18600
20,50,63400,22600
20,50,67900,19800
20,50,65400,19300
20,50,62100,18900
20,50,63900,20100
20,50,56200,19900
20,50,64900,18200
20,50,57300,26000
20,50,58200,19100
20,50,55300,21100
20,50,54300,19000
20,50,55700,18400
20,50,60800,19200
20,50,56800,21400
20,50,57600,21500
20,50,59500,20300
20,50,55400,19100
20,50,61900,20000
20,50,50400,17100
20,50,56000,19200
20,50,58400,23200
20,50,57100,20600
20,50,57200,19500
20,50,55800,19300
20,50,53800,18600
20,50,58100,19100
20,50,55200,18300
20,50,53300,18600
20,50,59000,17500
20,50,56200,19200
20,50,53600,18600
20,50,55100,18400
20,50,56900,20900
20,50,57500,21700
20,50,55500,21300
20,50,56900,21200
20,50,59100,21300
20,50,52900,19600
20,50,64400,27100
20,50,54500,20600
20,50,53100,24000
20,50,54000,20900
20,50,55300,19900
20,50,54800,19700
20,50,53900,20400
20,50,52300,19500
20,50,55200,20600
20,50,53900,20700
20,50,54400,19800
20,50,54900,20200
20,50,56300,20800
20,50,53000,20800
20,50,55700,19300
20,75,111600,35000
20,75,111300,33300
20,75,111300,34900
20,75,111800,34700
20,75,110800,42200
20,75,113000,34200
20,75,119300,37000
20,75,106200,34100
20,75,117300,35400
20,75,114100,34200
20,75,117500,33600
20,75,123800,34600
20,75,125000,37700
20,75,116500,35000
20,75,121200,35800
20,75,116900,34400
20,75,117400,35100
20,75,119100,44000
20,75,118600,42500
20,75,124400,40700
20,75,113800,39600
20,75,109000,32200
20,75,113300,33200
20,75,115500,34300
20,75,110700,33300
20,75,117700,35100
20,75,117600,35300
20,75,108600,33000
20,75,113300,32300
20,75,106400,32400
20,75,111200,39900
20,75,110100,31400
20,75,109400,33200
20,75,159000,62200
20,75,110700,33200
20,75,107700,32400
20,75,110600,30800
20,75,107800,33300
20,75,105300,33600
20,75,111200,34000
20,75,111200,32800
20,75,112900,32900
20,75,111000,32100
20,75,111500,35000
20,75,106300,33300
20,75,117100,34000
20,75,107700,33200
20,75,114900,32800
20,75,108000,41200
20,75,107900,32200
20,75,120000,34200
20,75,107900,34100
20,75,105600,39500
20,75,116000,37100
20,75,113800,34400
20,75,112200,34600
20,75,107400,34300
20,75,110800,33000
20,75,109600,40700
20,75,107200,32200
20,75,103000,30400
20,75,109000,32800
20,75,114600,31600
20,75,108900,33000
20,75,112800,36600
20,75,111000,34600
20,75,109700,32600
20,75,114300,39300
20,75,107900,34600
20,75,105000,33800
20,75,114100,36400
20,75,125800,33200
20,75,113100,33900
20,75,104800,29300
20,75,110200,33500
20,75,114700,35400
20,75,108300,31600
20,75,111200,35200
20,75,114300,35000
20,75,114200,39000
20,75,105500,33800
20,75,133100,34000
20,75,123500,35700
20,75,122200,35200
20,75,115000,33300
20,75,135700,36200
20,75,113900,39700
20,75,113600,32800
20,75,127700,36700
20,75,120200,43100
20,75,121500,40700
20,75,116200,40700
20,75,113400,40300
20,75,115700,31800
20,75,111300,32500
20,75,143300,33100
20,75,106900,33700
20,75,107400,32900
20,75,119700,35400
20,75,109500,34300
20,99,177100,50800
20,99,174000,47400
20,99,189000,47300
20,99,184000,53800
20,99,177600,48900
20,99,178700,49000
20,99,178900,50600
20,99,176200,51400
20,99,191900,51800
20,99,178400,48600
20,99,165000,45200
20,99,184600,49100
20,99,178400,50100
20,99,185700,50600
20,99,185400,52300
20,99,179600,48100
20,99,188500,53400
20,99,175300,58900
20,99,190500,47900
20,99,182500,49300
20,99,173900,58600
20,99,191900,50300
20,99,172900,48000
20,99,173400,49400
20,99,181400,50100
20,99,183700,52900
20,99,192800,51500
20,99,178000,61800
20,99,178800,54100
20,99,177200,48000
20,99,174600,49000
20,99,182400,50100
20,99,178300,49600
20,99,180200,51300
20,99,177500,52900
20,99,217700,52400
20,99,174900,48200
20,99,182300,51800
20,99,173700,48900
20,99,180300,52400
20,99,183600,64600
20,99,178400,49300
20,99,186600,51700
20,99,205600,49100
20,99,201000,56900
20,99,191800,51400
20,99,190000,51000
20,99,196600,52300
20,99,199800,61100
20,99,182300,51300
20,99,195700,53500
20,99,183500,51000
20,99,194800,54700
20,99,195600,57600
20,99,182400,58000
20,99,193200,61200
20,99,188900,59200
20,99,177400,57100
20,99,181600,55200
20,99,207900,59300
20,99,193300,56500
20,99,190200,58300
20,99,183400,51400
20,99,168000,46500
20,99,184000,50500
20,99,181400,47500
20,99,176600,48900
20,99,197500,49100
20,99,179000,49000
20,99,181400,62300
20,99,177200,47000
20,99,177700,48600
20,99,177300,49900
20,99,180800,52300
20,99,179500,49200
20,99,176900,49200
20,99,181400,48000
20,99,181400,50100
20,99,180900,64600
20,99,183200,50400
20,99,186500,52100
20,99,174200,48000
20,99,179800,51500
20,99,185100,57700
20,99,180900,50800
20,99,171000,46500
20,99,181500,49700
20,99,174200,45900
20,99,172200,49300
20,99,178600,48900
20,99,184000,62800
20,99,186700,51600
20,99,187900,50300
20,99,189700,53300
20,99,175300,50300
20,99,186500,52700
20,99,184500,51200
20,99,172700,48000
20,99,180500,49600
20,99,176800,51500
30,25,76000,26800
30,25,69400,24000
30,25,70300,24100
30,25,68500,27800
30,25,73200,23800
30,25,70100,24300
30,25,75600,23900
30,25,183700,25200
30,25,67700,26900
30,25,69100,24400
30,25,67700,24500
30,25,74100,25300
30,25,67200,26200
30,25,68800,23700
30,25,63800,23600
30,25,63600,24600
30,25,69400,24800
30,25,65900,34200
30,25,71600,26200
30,25,67400,25500
30,25,69600,25000
30,25,68800,24100
30,25,69700,26200
30,25,68700,26100
30,25,69700,25800
30,25,72200,25300
30,25,63600,33600
30,25,68600,24200
30,25,71400,25500
30,25,73900,29400
30,25,73500,28200
30,25,70300,25400
30,25,79100,26400
30,25,73100,27800
30,25,69800,24600
30,25,70000,24300
30,25,68000,24900
30,25,68500,24300
30,25,67300,25500
30,25,67800,24200
30,25,71600,26300
30,25,68600,24000
30,25,67300,23200
30,25,66600,24200
30,25,71300,34400
30,25,71100,26500
30,25,72100,25200
30,25,69600,26400
30,25,67600,24100
30,25,68200,24000
30,25,68500,26600
30,25,68100,24400
30,25,68500,24800
30,25,70400,24500
30,25,66700,25700
30,25,70000,24400
30,25,70300,23500
30,25,66100,25100
30,25,64700,22600
30,25,70400,24900
30,25,71600,25800
30,25,71600,26700
30,25,71300,29200
30,25,70300,26000
30,25,66800,26100
30,25,71000,24900
30,25,66900,25600
30,25,68600,24900
30,25,66800,25300
30,25,70300,26700
30,25,71000,25800
30,25,69500,26000
30,25,69800,24600
30,25,66700,24800
30,25,69800,23700
30,25,70000,25900
30,25,71500,25400
30,25,72700,25800
30,25,67500,25200
30,25,70200,24200
30,25,69500,37200
30,25,65200,24000
30,25,70000,26600
30,25,69800,25400
30,25,65500,23900
30,25,66600,25200
30,25,67000,24400
30,25,69300,25400
30,25,70200,24000
30,25,75800,26900
30,25,72000,25100
30,25,68500,24200
30,25,78500,29400
30,25,71000,26900
30,25,72700,27100
30,25,70600,27200
30,25,74800,29100
30,25,74500,24500
30,25,93600,96700
30,25,69900,27700
30,50,276800,68100
30,50,244500,68900
30,50,248200,80400
30,50,245400,67500
30,50,252500,133200
30,50,228500,65400
30,50,238500,71400
30,50,232000,66900
30,50,230500,65900
30,50,230000,66900
30,50,231600,65900
30,50,227700,71800
30,50,229600,68500
30,50,223500,64300
30,50,244400,68500
30,50,240100,66900
30,50,245400,78300
30,50,235900,66400
30,50,232300,69200
30,50,231100,67400
30,50,224400,66400
30,50,236700,67600
30,50,229400,65200
30,50,240200,66300
30,50,233000,68200
30,50,239400,122700
30,50,233500,67300
30,50,225800,65000
30,50,226000,64400
30,50,471500,69400
30,50,232400,67900
30,50,230600,69700
30,50,230800,66600
30,50,234500,154800
30,50,245100,71500
30,50,238400,66600
30,50,243100,66700
30,50,242800,67800
30,50,247300,73300
30,50,237400,66500
30,50,230000,66400
30,50,226600,62900
30,50,279700,68400
30,50,245400,84400
30,50,255500,71500
30,50,267100,66800
30,50,247100,71700
30,50,250000,69900
30,50,241600,66800
30,50,241100,67000
30,50,234300,66800
30,50,241700,70000
30,50,233200,66700
30,50,310900,70900
30,50,245900,67200
30,50,240200,74100
30,50,238400,72500
30,50,269900,79500
30,50,412800,116800
30,50,239100,67600
30,50,232800,66800
30,50,244000,75200
30,50,232400,65900
30,50,248100,70400
30,50,231600,66400
30,50,238600,67400
30,50,222800,63400
30,50,232600,67300
30,50,233000,69100
30,50,235400,68000
30,50,228300,66400
30,50,234200,70100
30,50,244700,70800
30,50,248900,66900
30,50,232700,67700
30,50,230700,69700
30,50,233800,66000
30,50,225900,65900
30,50,224200,65400
30,50,237300,82300
30,50,249100,69100
30,50,232100,105000
30,50,223400,67700
30,50,234100,65100
30,50,231100,68700
30,50,228700,68200
30,50,234700,70700
30,50,237100,68800
30,50,238300,69600
30,50,240500,66800
30,50,221400,63100
30,50,236400,69100
30,50,242000,72600
30,50,236900,68500
30,50,437000,66500
30,50,225400,65500
30,50,241300,71200
30,50,244300,83500
30,50,262500,69100
30,50,251900,72000
30,75,522100,141200
30,75,501500,131000
30,75,506900,131500
30,75,714900,139500
30,75,516000,130800
30,75,501000,128000
30,75,488200,130300
30,75,507800,126100
30,75,491600,128100
30,75,509100,136000
30,75,516400,126500
30,75,513300,213500
30,75,499600,131200
30,75,510800,133300
30,75,524100,138600
30,75,503700,133300
30,75,490300,125000
30,75,515500,148600
30,75,493400,127300
30,75,491100,131600
30,75,499900,125800
30,75,520000,130300
30,75,490500,125100
30,75,490800,125500
30,75,515600,136900
30,75,485500,123500
30,75,501900,132600
30,75,476200,123000
30,75,516700,133800
30,75,508700,149800
30,75,547900,127000
30,75,564700,127700
30,75,494700,137500
30,75,536300,140600
30,75,493300,130200
30,75,513700,136600
30,75,506600,129900
30,75,502900,131200
30,75,522300,171300
30,75,523900,133100
30,75,511000,132200
30,75,509100,125500
30,75,500400,126700
30,75,506500,128800
30,75,500800,127400
30,75,517900,132200
30,75,511400,134300
30,75,519600,143000
30,75,518300,139500
30,75,525700,142700
30,75,494800,137100
30,75,510600,142000
30,75,504700,136400
30,75,486000,142300
30,75,489600,126900
30,75,494100,126500
30,75,501200,130500
30,75,501100,232600
30,75,492500,127800
30,75,488600,122200
30,75,499800,125700
30,75,491100,125300
30,75,498300,138800
30,75,493700,128100
30,75,513100,130700
30,75,495700,125600
30,75,613800,129500
30,75,503400,129700
30,75,474000,248100
30,75,514100,137100
30,75,499900,130700
30,75,501200,127400
30,75,505600,125700
30,75,533500,140000
30,75,494900,127200
30,75,501000,128600
30,75,502000,124400
30,75,500100,152400
30,75,512200,132500
30,75,498900,125800
30,75,497900,129100
30,75,470200,127100
30,75,521000,129300
30,75,520600,135200
30,75,506200,133600
30,75,534000,132400
30,75,495900,125800
30,75,525200,135100
30,75,540100,137300
30,75,516900,131600
30,75,509500,127100
30,75,513600,130500
30,75,497600,130800
30,75,499300,134100
30,75,500200,132800
30,75,501100,127700
30,75,503400,132900
30,75,493500,138300
30,75,506500,133100
30,75,510000,133300
30,99,831800,205400
30,99,865600,212200
30,99,845300,202400
30,99,846700,212000
30,99,857100,208100
30,99,847300,233400
30,99,879600,210700
30,99,877300,218000
30,99,858600,205900
30,99,844200,205500
30,99,836100,204100
30,99,858500,210900
30,99,841800,207400
30,99,922100,207800
30,99,843000,204200
30,99,860100,291500
30,99,859900,214500
30,99,862800,224500
30,99,859700,198500
30,99,879600,209900
30,99,849800,206800
30,99,852700,203300
30,99,853400,205100
30,99,856200,214300
30,99,836700,203200
30,99,848500,204200
30,99,815300,197700
30,99,857800,208000
30,99,857100,205800
30,99,856400,205400
30,99,853000,208200
30,99,822300,197200
30,99,843200,213200
30,99,867200,222800
30,99,846000,222400
30,99,877500,222300
30,99,875500,224000
30,99,860500,224800
30,99,874200,222600
30,99,847300,224000
30,99,882900,224700
30,99,866300,219900
30,99,926900,221300
30,99,812300,209900
30,99,855500,234000
30,99,837300,214700
30,99,1281800,198300
30,99,836200,198500
30,99,855700,206600
30,99,851000,211200
30,99,840600,216600
30,99,846500,202300
30,99,835000,202100
30,99,867000,209600
30,99,952900,205200
30,99,851500,213400
30,99,954700,221800
30,99,828000,204000
30,99,870700,208500
30,99,863400,214200
30,99,888100,211800
30,99,818600,206800
30,99,800200,213100
30,99,855600,206400
30,99,869600,207800
30,99,827200,196100
30,99,852900,202000
30,99,873100,215200
30,99,865600,214200
30,99,871600,215300
30,99,884400,213300
30,99,814900,201400
30,99,835700,194000
30,99,866000,211200
30,99,852000,211200
30,99,878200,222100
30,99,874800,212800
30,99,819000,199000
30,99,814500,198200
30,99,852100,211100
30,99,857500,242000
30,99,849700,219400
30,99,863200,213700
30,99,856500,219800
30,99,867200,223400
30,99,944600,222400
30,99,873000,227100
30,99,927900,215300
30,99,859800,217500
30,99,843900,220000
30,99,849700,211700
30,99,844500,209900
30,99,881300,221600
30,99,858700,287700
30,99,857600,211200
30,99,842400,210100
30,99,820200,201700
30,99,835200,202100
30,99,824400,199300
30,99,835200,200100
40,25,191900,59200
40,25,205300,62800
40,25,188200,60100
40,25,200100,58000
40,25,193200,65700
40,25,196300,63900
40,25,193000,60000
40,25,194000,61000
40,25,199900,61200
40,25,198000,61100
40,25,190100,65300
40,25,191100,60500
40,25,195600,59800
40,25,190100,58200
40,25,193300,59500
40,25,198700,59000
40,25,188600,59500
40,25,198800,71000
40,25,190100,58300
40,25,195300,60000
40,25,196500,61700
40,25,189700,55100
40,25,190000,56700
40,25,192000,62300
40,25,201600,60000
40,25,195100,61900
40,25,194000,60600
40,25,192500,68600
40,25,202600,64100
40,25,285000,62300
40,25,199600,60600
40,25,185200,60500
40,25,187800,57200
40,25,281400,56700
40,25,191000,59400
40,25,184200,58200
40,25,194300,61000
40,25,200100,61700
40,25,198800,63100
40,25,186800,58700
40,25,193400,61600
40,25,194000,58500
40,25,197200,58300
40,25,198600,61800
40,25,192300,62100
40,25,202000,59000
40,25,188700,60400
40,25,199800,70900
40,25,204800,60200
40,25,195400,59500
40,25,190900,59600
40,25,186600,58500
40,25,211100,61400
40,25,202800,77000
40,25,192800,57600
40,25,195600,58700
40,25,194000,60100
40,25,195400,57700
40,25,189600,60700
40,25,190300,55600
40,25,180700,55000
40,25,207700,64500
40,25,194100,59000
40,25,214000,60000
40,25,185800,59100
40,25,196300,59100
40,25,194200,59500
40,25,192000,68800
40,25,193800,61200
40,25,192500,60000
40,25,190500,61300
40,25,192600,61100
40,25,185900,56800
40,25,199600,61100
40,25,188200,58000
40,25,213000,61100
40,25,204000,75200
40,25,210100,61200
40,25,280100,60500
40,25,205700,64900
40,25,199200,62200
40,25,193900,58300
40,25,202400,62200
40,25,193900,58800
40,25,197900,60200
40,25,189700,59900
40,25,203900,60400
40,25,201300,70200
40,25,189200,58900
40,25,200600,61500
40,25,193600,57300
40,25,194000,59600
40,25,236200,60000
40,25,200600,62200
40,25,195700,60800
40,25,193100,59000
40,25,431400,60400
40,25,203100,62500
40,25,194100,59900
40,25,202600,61100
40,50,735300,191500
40,50,710900,178200
40,50,715400,189000
40,50,714300,186600
40,50,729700,197000
40,50,707300,177000
40,50,681300,172200
40,50,748800,193100
40,50,736800,193900
40,50,745600,193600
40,50,703300,183300
40,50,717100,189700
40,50,745400,191700
40,50,716900,201400
40,50,728100,183100
40,50,690000,198200
40,50,702100,184600
40,50,732800,199500
40,50,760200,181500
40,50,751600,182900
40,50,782600,188200
40,50,686900,179200
40,50,696800,173700
40,50,737600,187500
40,50,710300,185600
40,50,724300,191600
40,50,710600,188800
40,50,714200,182300
40,50,736100,188900
40,50,694000,171200
40,50,706600,187700
40,50,695300,188100
40,50,718300,182600
40,50,759900,184300
40,50,717200,179700
40,50,703100,181200
40,50,712900,188400
40,50,704300,182600
40,50,689900,180400
40,50,705600,177200
40,50,710700,184700
40,50,705100,309100
40,50,710300,183300
40,50,689600,175400
40,50,739800,196600
40,50,694400,175100
40,50,744800,182100
40,50,704400,204200
40,50,743400,188700
40,50,697100,178500
40,50,713900,189100
40,50,690600,180100
40,50,726100,190200
40,50,711200,187600
40,50,712700,183400
40,50,703000,185400
40,50,929300,209900
40,50,736000,190300
40,50,714100,371100
40,50,781500,182300
40,50,713000,184100
40,50,715800,184100
40,50,674500,173400
40,50,710600,184000
40,50,721500,184900
40,50,720500,185100
40,50,708100,184500
40,50,716400,208100
40,50,734500,190200
40,50,669500,172600
40,50,714900,185400
40,50,881800,262100
40,50,696900,181700
40,50,717700,192400
40,50,704700,178800
40,50,693100,181300
40,50,689400,181300
40,50,706700,180900
40,50,722500,191500
40,50,712200,182100
40,50,704800,180300
40,50,694800,185200
40,50,710800,189100
40,50,708200,183900
40,50,709800,185600
40,50,731500,191400
40,50,852300,177700
40,50,716700,203500
40,50,681700,184700
40,50,685700,186100
40,50,723200,190900
40,50,741700,180500
40,50,705600,181600
40,50,688200,176600
40,50,689900,183700
40,50,699800,177700
40,50,704700,179000
40,50,705600,182800
40,50,692300,178200
40,50,718400,184800
40,75,1550200,422400
40,75,1523900,353800
40,75,1525200,366900
40,75,1555800,373800
40,75,1537600,384000
40,75,1513100,368100
40,75,1532000,376000
40,75,1564400,378800
40,75,1549700,367800
40,75,1535600,379200
40,75,1558500,372700
40,75,1699800,365100
40,75,1535700,379700
40,75,1565000,382100
40,75,1483700,369200
40,75,1589900,400300
40,75,1650100,383500
40,75,1531300,370200
40,75,1638500,374100
40,75,1518900,363900
40,75,1537700,380100
40,75,1503800,371400
40,75,1512200,370000
40,75,1513400,368200
40,75,1485000,360000
40,75,1515300,377900
40,75,1541200,381000
40,75,1522200,386200
40,75,1518400,378700
40,75,1554100,390300
40,75,1526600,379900
40,75,1561800,404700
40,75,1494100,368600
40,75,1514900,372100
40,75,1687500,401400
40,75,1666800,366500
40,75,1495500,365000
40,75,1527000,365200
40,75,1586300,391000
40,75,1507600,371800
40,75,1503100,363400
40,75,1498500,377000
40,75,1595900,364400
40,75,1493300,370000
40,75,1523800,387600
40,75,1574000,380800
40,75,1620400,372200
40,75,1542300,374900
40,75,1540600,366300
40,75,1556300,370600
40,75,1535200,368100
40,75,1517600,365100
40,75,1525200,367800
40,75,1599900,365600
40,75,1522500,363000
40,75,1547800,379900
40,75,1568100,385800
40,75,1509500,361800
40,75,1507400,361900
40,75,1749900,366600
40,75,1499900,359000
40,75,1546700,375700
40,75,1590300,395300
40,75,1589600,408200
40,75,1490400,503000
40,75,1536500,390900
40,75,1534500,382200
40,75,1487500,357100
40,75,1502000,364700
40,75,1570900,398200
40,75,1503300,377400
40,75,1531500,358200
40,75,1531300,377300
40,75,1534700,365200
40,75,1491000,364600
40,75,1558500,369900
40,75,1552300,371300
40,75,1520600,369800
40,75,1523500,374700
40,75,1538200,367200
40,75,1529300,364800
40,75,1527400,368500
40,75,1511600,367000
40,75,1574200,380900
40,75,1487000,348000
40,75,1598100,365100
40,75,1518500,374200
40,75,1565000,379200
40,75,1760400,359600
40,75,1498000,356600
40,75,1547900,368600
40,75,1531400,366700
40,75,1526000,454300
40,75,1513500,378000
40,75,1537500,369200
40,75,1492100,369800
40,75,1558600,406200
40,75,1566100,380600
40,75,1548400,378400
40,75,1717000,492300
40,99,2758300,628100
40,99,2636500,697100
40,99,2613900,700500
40,99,2605000,635000
40,99,2677800,640100
40,99,2585800,595300
40,99,2535800,595300
40,99,2579800,603500
40,99,2670500,621800
40,99,2521500,601500
40,99,2691600,633700
40,99,2617000,614400
40,99,2578800,621200
40,99,2622100,613300
40,99,2725500,645200
40,99,2678400,628100
40,99,2630400,625100
40,99,2677700,661500
40,99,2650900,624000
40,99,2534400,596300
40,99,2636000,640500
40,99,2568700,608500
40,99,2610400,639000
40,99,2574900,615400
40,99,3042100,608900
40,99,2632500,662500
40,99,2578900,633800
40,99,2950200,660000
40,99,2723600,623300
40,99,2663600,642200
40,99,2571700,604300
40,99,2604900,628400
40,99,2872400,645600
40,99,2758300,633400
40,99,2898800,770300
40,99,2655600,615900
40,99,2666900,644700
40,99,3262100,629100
40,99,2716100,611300
40,99,2675600,614600
40,99,2665600,728000
40,99,2609000,604800
40,99,2688600,625700
40,99,2710300,609800
40,99,2920600,644400
40,99,2740400,609300
40,99,2651400,614000
40,99,2668800,747900
40,99,2521700,576500
40,99,2559000,618700
40,99,2656800,618300
40,99,2610200,691800
40,99,2581500,599400
40,99,2599400,611900
40,99,2691900,634500
40,99,2653300,631100
40,99,2604300,607200
40,99,2543700,606200
40,99,2657800,633700
40,99,2589700,623000
40,99,2654200,647500
40,99,2643800,637600
40,99,2598700,623200
40,99,2624700,628000
40,99,2594700,639600
40,99,2555200,619700
40,99,2580300,601000
40,99,2714300,658400
40,99,2544500,616300
40,99,2594300,621700
40,99,2701400,691500
40,99,2631300,626600
40,99,2651000,637100
40,99,2583400,612600
40,99,2573000,592600
40,99,2648900,631500
40,99,2565600,600000
40,99,2561700,595600
40,99,2583900,601100
40,99,2650800,635500
40,99,2679700,617800
40,99,2571000,594000
40,99,2576900,620900
40,99,2604900,612000
40,99,2609400,609400
40,99,2658800,622900
40,99,2573100,618800
40,99,2694500,629000
40,99,2573600,595800
40,99,2526300,578000
40,99,2573500,605700
40,99,2617500,619000
40,99,2666700,651700
40,99,2626100,624200
40,99,2619200,632700
40,99,2620400,639100
40,99,2596600,629500
40,99,2601200,600200
40,99,2586400,594800
40,99,2572900,640100
50,25,457100,127700
50,25,451900,124100
50,25,440100,122000
50,25,461600,126800
50,25,457300,125800
50,25,433300,122100
50,25,475000,124900
50,25,458000,128000
50,25,457000,127500
50,25,426300,120700
50,25,426200,118100
50,25,457000,139900
50,25,455400,119400
50,25,453200,126400
50,25,444100,123900
50,25,445900,127300
50,25,441800,120700
50,25,454000,135500
50,25,466000,129900
50,25,450800,122300
50,25,437700,120100
50,25,532700,123000
50,25,449700,124800
50,25,432900,122800
50,25,446700,121600
50,25,457000,128500
50,25,479100,177700
50,25,434100,121000
50,25,430800,118700
50,25,466500,145100
50,25,457200,128500
50,25,446500,122700
50,25,443800,126800
50,25,457300,128300
50,25,436600,123400
50,25,451100,136200
50,25,426100,205000
50,25,444900,122500
50,25,441000,127800
50,25,446100,120700
50,25,444100,124700
50,25,443600,125600
50,25,440900,121200
50,25,431100,113500
50,25,448300,125000
50,25,446700,124700
50,25,450000,127100
50,25,449000,128200
50,25,426400,117000
50,25,506800,128100
50,25,455800,122600
50,25,441600,122800
50,25,435600,120300
50,25,442800,124800
50,25,434100,138300
50,25,453500,126700
50,25,443200,120500
50,25,437600,122000
50,25,437000,120900
50,25,475200,140600
50,25,445600,125000
50,25,458000,127000
50,25,439700,122900
50,25,459800,138500
50,25,455700,131000
50,25,459800,128500
50,25,449000,260100
50,25,430500,125400
50,25,447100,121900
50,25,441400,118600
50,25,452400,124800
50,25,448600,127000
50,25,466500,131000
50,25,466800,125800
50,25,446600,126100
50,25,461300,128000
50,25,433400,122000
50,25,440400,120700
50,25,455900,122800
50,25,443200,138800
50,25,448300,129400
50,25,437100,123300
50,25,453100,128200
50,25,465500,131700
50,25,433900,123600
50,25,437500,122200
50,25,451300,122400
50,25,448200,120400
50,25,446000,127200
50,25,457400,120900
50,25,439100,122900
50,25,526400,128100
50,25,443200,123500
50,25,448200,126700
50,25,455000,130700
50,25,446300,121400
50,25,442500,122400
50,25,435500,120400
50,25,456500,128000
50,25,464200,130800
50,50,1692000,418000
50,50,1648500,400100
50,50,1646400,404700
50,50,1684000,407100
50,50,1598200,395700
50,50,1788900,414600
50,50,1636500,401800
50,50,1725200,414600
50,50,1689900,409100
50,50,1647800,410200
50,50,1844700,418600
50,50,1643800,406100
50,50,1671800,405900
50,50,1670700,421000
50,50,1680600,430700
50,50,1676000,408700
50,50,1622200,399900
50,50,1655000,416000
50,50,1630900,402400
50,50,1672300,413600
50,50,1688800,407500
50,50,1720200,404900
50,50,1642300,410000
50,50,1661300,422200
50,50,1653200,415800
50,50,1671100,412300
50,50,2238500,416500
50,50,1618900,507900
50,50,1643600,406100
50,50,1656900,427600
50,50,1647200,417800
50,50,1684900,413900
50,50,1649300,402700
50,50,1722500,402300
50,50,1771200,439600
50,50,1668300,414500
50,50,1686300,401900
50,50,1679200,405000
50,50,1719800,418700
50,50,1698400,428700
50,50,1787200,413600
50,50,1646600,396400
50,50,1651100,411900
50,50,1669900,420500
50,50,1674700,410100
50,50,1699700,422300
50,50,1697600,468800
50,50,1657800,422100
50,50,1663900,430600
50,50,1675500,427300
50,50,1606800,392500
50,50,2487000,416500
50,50,1828800,423600
50,50,1619400,406000
50,50,1681600,444600
50,50,1684800,428500
50,50,1652100,408500
50,50,1774800,411600
50,50,1699400,462700
50,50,1644200,405900
50,50,1673000,435000
50,50,1645500,409500
50,50,1751800,420000
50,50,1667500,404400
50,50,1683900,424500
50,50,1663000,403000
50,50,1712900,416000
50,50,1630300,405600
50,50,1771800,418900
50,50,1652200,400600
50,50,1690500,431100
50,50,1621500,402500
50,50,1681300,411600
50,50,1680000,407600
50,50,1760400,569400
50,50,1708900,410300
50,50,1603600,407400
50,50,1682800,425000
50,50,1779800,398700
50,50,1693700,574300
50,50,1658400,416300
50,50,1706000,413100
50,50,1643700,416000
50,50,1641100,415200
50,50,1766300,430800
50,50,1653700,401200
50,50,1704800,408000
50,50,1715600,427500
50,50,1648300,407600
50,50,1635600,410400
50,50,1757200,391800
50,50,1722800,426000
50,50,1671100,425900
50,50,1633200,414600
50,50,1655400,409300
50,50,1728100,418900
50,50,1757600,432000
50,50,1676300,405500
50,50,1749900,432600
50,50,1628700,411700
50,75,3597600,858100
50,75,3992900,941100
50,75,3718700,842200
50,75,3606000,867500
50,75,3636800,891600
50,75,3668900,849900
50,75,3622500,880100
50,75,3659500,864900
50,75,3551900,845100
50,75,3680200,856000
50,75,3680800,872600
50,75,3588000,858700
50,75,3767200,994700
50,75,3546700,850600
50,75,3630600,859500
50,75,3564800,852500
50,75,3798200,894200
50,75,3633900,872300
50,75,3635200,882100
50,75,3672000,865900
50,75,3663000,890300
50,75,3587200,872800
50,75,3652300,818500
50,75,4457100,947000
50,75,3650000,869600
50,75,3523800,840500
50,75,3683000,856200
50,75,3678400,891100
50,75,3629700,852700
50,75,3933100,912900
50,75,3670700,877400
50,75,3557900,838400
50,75,3647400,1040800
50,75,3645500,836000
50,75,3645000,881700
50,75,3568800,872400
50,75,3616200,861000
50,75,3528000,851500
50,75,3502700,844400
50,75,3632400,883100
50,75,4451800,863600
50,75,3668400,900300
50,75,3577500,979000
50,75,3750500,904300
50,75,3579700,861700
50,75,3681900,903200
50,75,3601500,874300
50,75,3750500,874900
50,75,3762700,919400
50,75,3588900,851600
50,75,3600900,884200
50,75,3748400,885700
50,75,3728900,903700
50,75,3821000,1086600
50,75,3618800,860100
50,75,3797100,876000
50,75,3750400,895600
50,75,3689500,879100
50,75,3778000,864900
50,75,3691500,879600
50,75,3796000,867400
50,75,3929500,890400
50,75,3584500,881000
50,75,3694800,878300
50,75,3974600,925100
50,75,3683200,885300
50,75,3765700,901100
50,75,3689800,898400
50,75,3794200,852900
50,75,3722900,904100
50,75,3643000,877600
50,75,3737600,1012400
50,75,3827400,887100
50,75,3685600,872100
50,75,3584900,866200
50,75,4122700,880700
50,75,3595400,882500
50,75,3611400,875000
50,75,3539100,996400
50,75,3621800,846100
50,75,3580600,865900
50,75,3687900,894500
50,75,3858300,858400
50,75,3732100,866600
50,75,3563900,834600
50,75,3596300,860900
50,75,3736900,891500
50,75,3690400,883700
50,75,3588000,838300
50,75,3759800,838000
50,75,3522700,824100
50,75,3638000,873700
50,75,3541000,840600
50,75,3701700,878600
50,75,3692700,858900
50,75,3673700,879100
50,75,3603900,1018100
50,75,3553200,858200
50,75,3645000,904600
50,75,3612000,864600
50,99,6174400,1464200
50,99,6541400,1466100
50,99,6377600,1520700
50,99,6377300,1476200
50,99,6295400,1467200
50,99,6208200,1418100
50,99,6156500,1447700
50,99,6228200,1452700
50,99,6228100,1456400
50,99,6411300,1463200
50,99,6271600,1458700
50,99,6376600,1520900
50,99,6408600,1521900
50,99,6452900,1499900
50,99,6312900,1491200
50,99,6180100,1482400
50,99,6249200,1542100
50,99,6295100,1477600
50,99,6234100,1437100
50,99,6146700,1496600
50,99,6109400,1473600
50,99,6346200,1490500
50,99,6291300,1650800
50,99,6363600,1598600
50,99,6312400,1499700
50,99,6373300,1542500
50,99,6962000,1475800
50,99,6474000,1463300
50,99,6319100,1642600
50,99,6125500,1442500
50,99,6373800,1512300
50,99,6944000,1467300
50,99,6612200,1655900
50,99,6215300,1419700
50,99,6445300,1537400
50,99,6307900,1449100
50,99,6350700,1461500
50,99,6154900,1421500
50,99,6102600,1424500
50,99,6377400,1487500
50,99,6330600,1510300
50,99,6142600,1481900
50,99,6228400,1498200
50,99,6519200,1564700
50,99,6215600,1552500
50,99,6167300,1522200
50,99,6059400,1423700
50,99,6570300,1508500
50,99,6307000,1526400
50,99,6218200,1555800
50,99,6307600,1489200
50,99,6372800,1711900
50,99,6265800,1496300
50,99,6257200,1500800
50,99,6287600,1454900
50,99,6242700,1590200
50,99,6318200,1500500
50,99,6126200,1421400
50,99,6108800,1390000
50,99,6203500,1572400
50,99,6331200,1458200
50,99,6263400,1494100
50,99,6241700,1467700
50,99,6208200,1551200
50,99,6300700,1463400
50,99,6230300,1497000
50,99,6052600,1426100
50,99,6135000,1480100
50,99,6103500,1467700
50,99,6260100,1446600
50,99,6111000,1478200
50,99,6080600,1459400
50,99,6084200,1495200
50,99,6162600,1463400
50,99,6232600,1586500
50,99,6197600,1491000
50,99,6435900,1439600
50,99,6263000,1516800
50,99,6283200,1475300
50,99,6083900,1428600
50,99,6281300,1464200
50,99,6311100,1485600
50,99,6493200,1539900
50,99,6217500,1463600
50,99,6403000,1463800
50,99,6362700,1452800
50,99,6385800,1472800
50,99,6194100,1454700
50,99,8915900,1885000
50,99,6556900,1553900
50,99,6661100,1567400
50,99,6449900,1508500
50,99,6606700,1558600
50,99,6569800,1562000
50,99,6729900,1608100
50,99,6002700,1413400
50,99,6248500,1514800
50,99,6302800,1521400
50,99,6353500,1498600
50,99,6171500,1592800
60,25,921100,242100
60,25,917400,239900
60,25,912200,467000
60,25,893600,234300
60,25,843200,218000
60,25,927000,246900
60,25,908000,240300
60,25,894000,246800
60,25,886600,231200
60,25,865700,229700
60,25,880400,232600
60,25,898300,230600
60,25,883300,232600
60,25,897800,228400
60,25,876000,226200
60,25,876600,230900
60,25,886100,234100
60,25,892400,241400
60,25,866900,222500
60,25,887000,238000
60,25,889300,236400
60,25,888000,244500
60,25,910600,240700
60,25,872800,228400
60,25,904900,234400
60,25,869500,229800
60,25,882900,234900
60,25,894500,316500
60,25,888500,233200
60,25,908500,240200
60,25,900400,238100
60,25,893800,238200
60,25,920300,262400
60,25,907200,243100
60,25,909400,250500
60,25,888000,230900
60,25,894700,235700
60,25,867200,231900
60,25,1004600,238000
60,25,885400,235400
60,25,886800,233900
60,25,902700,235300
60,25,875200,233800
60,25,913000,238300
60,25,928000,255700
60,25,934200,257400
60,25,929500,246400
60,25,894500,248200
60,25,924000,228100
60,25,872300,227300
60,25,895100,239200
60,25,889800,222900
60,25,899100,239600
60,25,896200,235200
60,25,876000,236900
60,25,894900,234600
60,25,882200,235300
60,25,869000,223900
60,25,892900,235000
60,25,873600,230000
60,25,1074300,393100
60,25,908000,237400
60,25,877600,243100
60,25,904100,236000
60,25,881800,227900
60,25,922800,245200
60,25,909500,230400
60,25,902200,235600
60,25,919400,235000
60,25,918000,245200
60,25,892100,243100
60,25,898000,237600
60,25,868800,226100
60,25,879800,225800
60,25,873600,225300
60,25,916800,235700
60,25,902000,231500
60,25,850900,217000
60,25,887200,227600
60,25,914700,239000
60,25,889200,249000
60,25,901300,233300
60,25,876200,233900
60,25,900500,242200
60,25,871600,228000
60,25,878800,231000
60,25,905200,237900
60,25,895600,234800
60,25,906300,239800
60,25,863000,221000
60,25,879900,230100
60,25,917900,237900
60,25,877200,235200
60,25,886700,234500
60,25,897900,253400
60,25,901500,238600
60,25,902500,232400
60,25,924300,248500
60,25,1005800,257900
60,25,898400,230700
60,50,3448400,868900
60,50,3385400,832800
60,50,3458700,839300
60,50,3737300,859300
60,50,3380700,808000
60,50,3391000,835100
60,50,3507500,855400
60,50,3403600,818000
60,50,3386300,788100
60,50,3493600,842600
60,50,3457300,844000
60,50,3304600,853700
60,50,3418900,825800
60,50,3378900,811300
60,50,3280100,798900
60,50,3316000,801000
60,50,3425400,811300
60,50,3314600,821000
60,50,3456600,831100
60,50,3757600,824400
60,50,3420400,828400
60,50,3352000,838500
60,50,3481900,827200
60,50,3383800,812100
60,50,3366100,833300
60,50,3469800,804100
60,50,3390300,839200
60,50,3376400,842100
60,50,3557900,840600
60,50,3367100,811700
60,50,3387000,827700
60,50,3719000,791100
60,50,3363100,842100
60,50,3419100,840900
60,50,3485700,832600
60,50,3413400,857000
60,50,3432300,828900
60,50,3799900,863800
60,50,3402300,816400
60,50,3334400,788700
60,50,3463000,1058400
60,50,3323500,809500
60,50,3411100,831300
60,50,3502300,829500
60,50,3357000,812200
60,50,3400900,812800
60,50,3492100,835300
60,50,3325900,798600
60,50,3318700,811500
60,50,3369900,789600
60,50,3415000,842200
60,50,3473100,853700
60,50,3513800,831400
60,50,3339000,822300
60,50,3255700,788700
60,50,3498000,808100
60,50,3405100,837000
60,50,3285000,792000
60,50,3549100,806300
60,50,3377600,830900
60,50,3414900,818000
60,50,3478300,1032100
60,50,3378400,810400
60,50,3380800,815100
60,50,3457600,819300
60,50,3335400,807800
60,50,3424100,841400
60,50,3461700,819500
60,50,3408700,795900
60,50,3335400,820900
60,50,3501600,820600
60,50,3303900,809600
60,50,3354700,799000
60,50,3486000,802900
60,50,3400700,820800
60,50,3397000,804200
60,50,3330200,820300
60,50,3297300,788800
60,50,3403800,840100
60,50,3331500,824900
60,50,3340800,847400
60,50,3352500,811200
60,50,3747100,806000
60,50,3343400,802300
60,50,3368000,802000
60,50,3512700,843500
60,50,3326800,797400
60,50,3272900,772800
60,50,3569400,834900
60,50,3339000,814100
60,50,3290100,800800
60,50,3400800,798100
60,50,3386700,814000
60,50,3356800,828700
60,50,3525800,807700
60,50,3335000,810100
60,50,3495200,825300
60,50,3504700,823400
60,50,3461900,845400
60,50,3346900,791700
60,75,7505800,1814900
60,75,7986300,1780900
60,75,7520600,1791900
60,75,7507800,1757500
60,75,7474900,1706500
60,75,7951500,1786200
60,75,7246000,1738700
60,75,7495900,1793800
60,75,7277300,1734300
60,75,7701700,1781600
60,75,7561400,1778000
60,75,7497200,1777800
60,75,7661900,1771400
60,75,7337000,1807700
60,75,7336300,1729200
60,75,7387600,1692400
60,75,7503100,1799700
60,75,7554500,1771400
60,75,7896900,1760300
60,75,7428700,1748600
60,75,7361200,1824900
60,75,7430100,1776700
60,75,7382800,1764600
60,75,7544900,1848200
60,75,7454400,4345600
60,75,7723100,1784800
60,75,7963600,1810400
60,75,7324600,1747400
60,75,7305600,1735800
60,75,7476200,1882400
60,75,7520400,1839900
60,75,7694800,1813700
60,75,7464000,1753700
60,75,7548100,1785800
60,75,7276500,1697900
60,75,7344000,1754100
60,75,7431500,1879600
60,75,7418700,1727300
60,75,7469500,1712700
60,75,7489400,1771800
60,75,7536300,1781000
60,75,8383400,1737000
60,75,7382100,1779100
60,75,7384400,1780800
60,75,7462500,1785500
60,75,7355200,1766100
60,75,7268200,1825900
60,75,7580600,1816600
60,75,7545200,1791100
60,75,7421200,1759400
60,75,7468700,1819300
60,75,7726700,1745600
60,75,7331000,1766700
60,75,7396300,1768200
60,75,7537800,1821600
60,75,7497600,1800800
60,75,7414000,1876900
60,75,7469900,1734000
60,75,7723400,1713400
60,75,7504500,1746100
60,75,7498600,1763400
60,75,7633400,1762700
60,75,7392300,1709700
60,75,7428400,1820200
60,75,7507600,1805500
60,75,7384100,1764800
60,75,7548600,1762700
60,75,7541900,1790800
60,75,8128300,1792100
60,75,7554400,1820500
60,75,7374400,1784400
60,75,7454900,1838400
60,75,7298000,1772600
60,75,7284500,1834700
60,75,7681100,2316700
60,75,7496100,1788600
60,75,7397600,1738100
60,75,7499900,1810300
60,75,7534500,1790900
60,75,7411800,1796700
60,75,7285300,1734600
60,75,7577900,1780500
60,75,7467100,1814200
60,75,7473300,1843400
60,75,7519600,1987300
60,75,7456900,1727000
60,75,7758400,1822000
60,75,7647200,1838100
60,75,7524900,1788900
60,75,7373200,1892800
60,75,7809900,2289300
60,75,7574100,1768200
60,75,7790000,1786900
60,75,7379600,1764300
60,75,7525400,1799700
60,75,7511200,1834400
60,75,7423500,1901500
60,75,7789300,1858900
60,75,7401000,1737700
60,75,7537300,1800800
60,99,13235400,2982500
60,99,12744600,3065300
60,99,12759200,3120000
60,99,13014600,3143300
60,99,13226200,3017300
60,99,14196500,2988200
60,99,12597600,2988600
60,99,13031600,3136500
60,99,13039500,3084500
60,99,12706900,3091100
60,99,12850500,3043200
60,99,12902000,3085600
60,99,13712600,3025500
60,99,13093300,3121900
60,99,12819500,2975700
60,99,12650600,3059000
60,99,12771700,3061200
60,99,13744200,2969100
60,99,12766100,2980300
60,99,13043300,2983800
60,99,12931200,2984700
60,99,13213100,3068900
60,99,13185500,3075200
60,99,12755400,2940400
60,99,13261600,3024100
60,99,12858300,3059300
60,99,12873700,3079800
60,99,12950300,3041800
60,99,12793600,3128700
60,99,13061500,3117300
60,99,12616000,2942500
60,99,13731100,3120700
60,99,12604700,2998700
60,99,12927100,3142200
60,99,13038700,3019900
60,99,12815600,3054000
60,99,13004200,3059000
60,99,12979300,3246100
60,99,12995700,2996700
60,99,13463300,3100000
60,99,13192100,3124000
60,99,12875800,3238400
60,99,12559500,3073000
60,99,13026900,3122600
60,99,12861300,3100000
60,99,12632800,2887000
60,99,12811900,3068000
60,99,12819000,3088400
60,99,12975800,3122800
60,99,13100400,3100600
60,99,13045500,3133700
60,99,12909800,3084000
60,99,12876900,3067800
60,99,12709300,3064800
60,99,13601300,3860200
60,99,12838000,3045500
60,99,12703000,6053100
60,99,13199300,3040100
60,99,12838000,3103100
60,99,12795300,3032600
60,99,12846900,3013400
60,99,12896800,2987400
60,99,13368300,3121800
60,99,12908900,3021900
60,99,12927300,3220600
60,99,13103800,3249300
60,99,13036100,3022200
60,99,13209300,3104900
60,99,13197400,3019200
60,99,13047300,2988400
60,99,13161800,3110900
60,99,13057300,3104200
60,99,12860800,3021400
60,99,12646900,3062900
60,99,12758600,2896900
60,99,12434600,2958100
60,99,13812800,3156700
60,99,12539300,3016200
60,99,12817700,3002100
60,99,12858600,3007300
60,99,12796200,2947400
60,99,12936500,3196500
60,99,12797800,3083400
60,99,12904800,2963200
60,99,13205100,3060200
60,99,12855100,2997500
60,99,12930700,3026500
60,99,12824400,3038800
60,99,13258400,3064200
60,99,13099800,3045200
60,99,12878000,2994600
60,99,12987500,3009700
60,99,12684200,3134700
60,99,12968200,3254800
60,99,12598800,3012800
60,99,12752000,2977400
60,99,12713300,3014200
60,99,12905400,3118500
60,99,12747800,2986100
60,99,12979200,3084600
70,25,1630500,408400
70,25,1617400,423000
70,25,1776300,476800
70,25,1600700,398600
70,25,1624500,420100
70,25,1625700,407300
70,25,1598900,400400
70,25,1603600,405900
70,25,1616800,407600
70,25,1655300,415300
70,25,1566000,391100
70,25,1613800,404200
70,25,1580500,392700
70,25,1635200,407300
70,25,1606200,407000
70,25,1600700,404600
70,25,1720300,406700
70,25,1577100,405300
70,25,1612600,414900
70,25,1590400,404200
70,25,1616100,410000
70,25,1671400,395300
70,25,1694900,414100
70,25,1762100,724600
70,25,1727300,405000
70,25,1638000,493500
70,25,1588300,579700
70,25,1710000,423800
70,25,1749900,416400
70,25,1749000,421700
70,25,1685900,409200
70,25,1598600,594900
70,25,1652600,986400
70,25,1624800,544400
70,25,1639000,461300
70,25,1617400,414100
70,25,1621600,427300
70,25,1559600,394400
70,25,1641700,421500
70,25,1596400,424300
70,25,1630200,419300
70,25,1617300,410900
70,25,1668400,429800
70,25,1617000,409400
70,25,1669800,416900
70,25,1631400,414600
70,25,1639900,412100
70,25,1654100,410200
70,25,1582600,395600
70,25,1627200,411500
70,25,1626000,413200
70,25,1546800,396000
70,25,1636700,411200
70,25,1619400,415100
70,25,1582800,397300
70,25,1625500,419500
70,25,1587400,403200
70,25,1666800,430900
70,25,1603300,406000
70,25,1546200,399900
70,25,1639200,410600
70,25,1626400,429900
70,25,1617200,432100
70,25,1634200,421400
70,25,1639700,410200
70,25,1588100,431700
70,25,1854300,395300
70,25,1903900,402300
70,25,1607900,404600
70,25,1626600,425000
70,25,1706600,435600
70,25,1724500,440400
70,25,1698600,436200
70,25,1786300,433700
70,25,1741100,440800
70,25,1701700,430300
70,25,1662200,423000
70,25,1664600,429900
70,25,1696300,421800
70,25,1651400,433400
70,25,1631100,420300
70,25,1709700,427800
70,25,1649100,436900
70,25,1587300,401800
70,25,1636500,417600
70,25,1639100,439300
70,25,1611100,402100
70,25,1597000,405600
70,25,1627400,411600
70,25,1624600,408800
70,25,1597200,409900
70,25,1613800,518800
70,25,1585200,402900
70,25,1576900,409300
70,25,1719500,430400
70,25,1617400,425800
70,25,1727500,417900
70,25,1655700,399600
70,25,1757200,410500
70,25,1579800,443300
70,50,6091200,1581400
70,50,6358400,1537400
70,50,6330900,1506700
70,50,6097800,1446100
70,50,6610100,1472800
70,50,6390500,1462000
70,50,6240500,1525500
70,50,6299000,1481100
70,50,6222700,1530400
70,50,6188000,1499200
70,50,6054000,1439400
70,50,6241500,1526400
70,50,6197400,1467000
70,50,6206400,1472500
70,50,6216700,1443800
70,50,7329800,1544000
70,50,6210000,1466000
70,50,6218100,1488500
70,50,6041500,1496200
70,50,6152100,1465500
70,50,6050300,1496500
70,50,6240600,1630700
70,50,6687900,1454300
70,50,6320900,1515500
70,50,6274900,1525100
70,50,6270400,1513400
70,50,6031900,1471100
70,50,6077500,1455900
70,50,6149200,1509000
70,50,6284500,1686000
70,50,6068500,1566100
70,50,6282700,1488800
70,50,6216900,1430400
70,50,6170400,1461300
70,50,6113400,1461700
70,50,6255300,1452300
70,50,6246400,1467000
70,50,6676800,1489200
70,50,6118600,1435800
70,50,6276700,1493400
70,50,6425700,1544600
70,50,6074700,1434900
70,50,6081500,1420300
70,50,6257400,1525800
70,50,6169500,1549700
70,50,6136400,1473900
70,50,6176800,1637200
70,50,6506100,1669200
70,50,6280100,1496800
70,50,6420200,1535700
70,50,6442800,1522800
70,50,6142600,1457100
70,50,6086900,1457600
70,50,6252400,1508600
70,50,6587300,1506300
70,50,6157200,1467000
70,50,6168700,1483500
70,50,6182700,1579000
70,50,6339800,1521900
70,50,6353800,1493700
70,50,6444000,1583000
70,50,6237000,1487000
70,50,6496700,1499400
70,50,6116700,1492800
70,50,6196500,1482200
70,50,6038500,1520800
70,50,6163800,1576900
70,50,6161100,1696600
70,50,6226300,1822800
70,50,6117900,1447600
70,50,6266900,1544100
70,50,6354700,1485800
70,50,6301800,1506200
70,50,6148200,1429500
70,50,6648100,1532900
70,50,6312600,1499800
70,50,6167600,1503700
70,50,6046200,1437600
70,50,6057400,1480200
70,50,6154000,1492500
70,50,6104600,1470700
70,50,6199900,1487400
70,50,6178100,2128300
70,50,6185300,1496400
70,50,6687100,1513400
70,50,6055600,1484800
70,50,6094400,1478600
70,50,6231200,1499800
70,50,6184100,1478300
70,50,6139500,1487200
70,50,6035500,1759500
70,50,6419900,1492700
70,50,6246300,1446700
70,50,6305300,1467700
70,50,6581100,1520800
70,50,6194400,1447700
70,50,6201100,1494900
70,50,6211800,1461600
70,50,6051800,1458900
70,50,5933600,1388900
70,75,13875500,3258200
70,75,13600900,3298000
70,75,13832400,3262700
70,75,13745300,3235400
70,75,13540600,3283700
70,75,13560600,3319700
70,75,14165100,3376100
70,75,13746800,3236100
70,75,13718900,3334800
70,75,13580100,3210700
70,75,13729600,3294200
70,75,14016000,3477700
70,75,13796700,3251400
70,75,14748800,3414000
70,75,13328700,3106100
70,75,13576100,3853200
70,75,13720800,3225000
70,75,13758900,3251700
70,75,13860300,3232700
70,75,13761900,3540900
70,75,13926000,3177900
70,75,13661300,3249000
70,75,13542500,3408300
70,75,14019800,3314000
70,75,13924500,3318700
70,75,13858000,3366400
70,75,13774600,3285300
70,75,14220700,3319400
70,75,13684500,3355200
70,75,13688800,3317900
70,75,13870200,3269300
70,75,13710600,3257700
70,75,13918300,3314100
70,75,13848500,3263600
70,75,13744500,3399300
70,75,14043400,3268400
70,75,13475000,3201700
70,75,13460700,3239200
70,75,13908100,3280900
70,75,13603200,3188700
70,75,13502500,3160300
70,75,13753900,3367600
70,75,13383700,3118300
70,75,14303400,3216900
70,75,13655600,3348200
70,75,13627800,3130200
70,75,13592500,3265400
70,75,13778300,3218600
70,75,13579800,3412500
70,75,13982300,3267100
70,75,13898000,3285700
70,75,13682100,3293500
70,75,13408300,3261600
70,75,13576200,3281700
70,75,13898100,3414200
70,75,13707700,3298100
70,75,13725900,3326900
70,75,13674900,3240200
70,75,13617800,3319700
70,75,13639400,3185100
70,75,13517000,3133100
70,75,13606100,3249400
70,75,13700600,3286900
70,75,13579600,3233100
70,75,14908400,3228900
70,75,13996500,4559400
70,75,14576200,3382600
70,75,13579700,3359800
70,75,13720800,3457300
70,75,13703900,3347400
70,75,14248800,3887900
70,75,13443800,3193700
70,75,13867900,3305400
70,75,13604400,3261200
70,75,13489400,3563700
70,75,13511300,3221100
70,75,13540600,3260700
70,75,13352000,3305700
70,75,13735000,3238200
70,75,13786900,3224300
70,75,14342800,3335400
70,75,13873100,3224500
70,75,13758000,3208100
70,75,15316000,3451600
70,75,13961000,3294700
70,75,14420800,3375100
70,75,13715300,3296200
70,75,13787700,3256400
70,75,13769000,3324200
70,75,13901200,3439900
70,75,13707700,3272400
70,75,13476900,3267200
70,75,13822300,3380200
70,75,13768600,3434400
70,75,13441300,3215000
70,75,13712900,3293200
70,75,13595000,3278200
70,75,13619800,3234500
70,75,13754500,3367300
70,75,13920800,3376500
70,99,24665100,5763200
70,99,24839200,5641600
70,99,25301400,5654200
70,99,23351800,5537300
70,99,23969400,5482800
70,99,23540700,5673000
70,99,23433500,5498100
70,99,23748300,5554300
70,99,23496100,7163600
70,99,23180900,5422200
70,99,23821500,5522300
70,99,23946100,5671100
70,99,24238700,5496100
70,99,24625200,5695200
70,99,23732500,5686300
70,99,24027100,5728500
70,99,23885900,5577400
70,99,23296000,5634900
70,99,23789900,5666100
70,99,23728100,5771800
70,99,23707000,5796400
70,99,23883500,5640400
70,99,23439400,6092100
70,99,23294000,5482300
70,99,23470800,5468000
70,99,23369500,5809400
70,99,23858900,5442800
70,99,23728400,5475400
70,99,23666800,5620600
70,99,24243600,5553700
70,99,23665900,5702400
70,99,23474100,5625900
70,99,23745600,5540100
70,99,24522400,5859400
70,99,23417100,5547400
70,99,24055100,5651100
70,99,23824000,5647900
70,99,23463400,5513200
70,99,23824300,5601200
70,99,23574900,5790200
70,99,26234400,5857400
70,99,23972700,5609200
70,99,23892300,5673600
70,99,24403200,9599200
70,99,24179500,5683600
70,99,23874200,5506800
70,99,23955900,6213000
70,99,23393900,5541300
70,99,24166400,5652700
70,99,24902200,5518100
70,99,24186600,5640900
70,99,24070300,5545600
70,99,24235900,5576700
70,99,24234200,5565100
70,99,23655400,5545400
70,99,24611700,5709900
70,99,23893100,5694000
70,99,29373700,5691800
70,99,24677800,5710400
70,99,24105100,5655100
70,99,23435700,5771000
70,99,24985900,5499600
70,99,24665100,5743300
70,99,24034400,5760600
70,99,24008000,5645300
70,99,23922200,5637400
70,99,23660500,5836500
70,99,24914300,5855900
70,99,23672400,5527300
70,99,24233000,6004700
70,99,23795100,5560500
70,99,23993800,5656900
70,99,23768900,6009900
70,99,24960000,5540500
70,99,24039600,5635400
70,99,23601900,5595000
70,99,24021700,5626700
70,99,24174600,5863800
70,99,23893100,5647700
70,99,24461300,5643600
70,99,23199600,5628100
70,99,24004500,5756800
70,99,23979700,5613500
70,99,24167300,5573600
70,99,23547400,5717200
70,99,24349500,5705400
70,99,23560900,5487600
70,99,23957000,5802600
70,99,24212700,5561700
70,99,23614400,5579000
70,99,23706000,5576600
70,99,23926700,5393000
70,99,23477200,5563400
70,99,23012200,5478800
70,99,24848900,5550000
70,99,23977100,5769000
70,99,23795200,5671700
70,99,24388400,5623000
70,99,23812000,5735300
70,99,23672400,5576000
80,25,2699800,683800
80,25,2716100,674400
80,25,2966200,655600
80,25,2759100,674700
80,25,2828600,683300
80,25,2721400,663200
80,25,2637600,814300
80,25,2729000,686000
80,25,2670900,685500
80,25,2726200,669200
80,25,2655600,655100
80,25,2698600,678100
80,25,2845000,693200
80,25,2714500,694400
80,25,2638900,649600
80,25,2840000,686200
80,25,2741600,695600
80,25,2719300,787700
80,25,2720900,681300
80,25,2732500,687800
80,25,2769800,716400
80,25,2817400,708100
80,25,2694200,678700
80,25,2633700,656000
80,25,2911200,737700
80,25,2744800,692300
80,25,2938500,885000
80,25,2643400,646100
80,25,2764700,673600
80,25,2649000,663400
80,25,2784200,699400
80,25,2768000,658800
80,25,2705300,673900
80,25,2700400,681300
80,25,2628700,664500
80,25,2650200,665000
80,25,2758900,681700
80,25,2648900,665700
80,25,2740600,681400
80,25,2803600,672000
80,25,2837800,706200
80,25,2736900,668100
80,25,2689600,678700
80,25,4024100,1435800
80,25,2866700,774500
80,25,2955000,710200
80,25,2946500,761800
80,25,3006300,765100
80,25,2893000,758800
80,25,2826600,663500
80,25,2742600,684900
80,25,2699200,689200
80,25,2778900,697100
80,25,2717700,653600
80,25,2676000,670900
80,25,2874000,675800
80,25,2766900,663300
80,25,2683400,671000
80,25,2714600,683600
80,25,2617900,659400
80,25,2707700,677500
80,25,2774000,698500
80,25,2854300,660700
80,25,2739800,691300
80,25,2732700,651900
80,25,2813100,694900
80,25,2695700,693000
80,25,2712300,651200
80,25,2770400,702300
80,25,2754400,959000
80,25,2710700,669200
80,25,2656000,643600
80,25,2737700,689800
80,25,2775000,692700
80,25,2762800,860900
80,25,2803900,698100
80,25,2765700,695500
80,25,2657400,694000
80,25,2788700,708900
80,25,3010000,681700
80,25,2746800,672200
80,25,2814900,670000
80,25,2706400,676000
80,25,2734600,686400
80,25,3780000,720400
80,25,2687900,678500
80,25,2680600,923900
80,25,2727500,688200
80,25,2715000,681200
80,25,2846500,677700
80,25,2663800,654800
80,25,2737300,653800
80,25,2711900,644600
80,25,2884500,681200
80,25,2710200,671000
80,25,2661300,674700
80,25,2716300,676300
80,25,2646400,655300
80,25,2703600,679000
80,25,2650700,663200
80,50,10587800,2525100
80,50,10479700,2454800
80,50,10503600,2460500
80,50,10377800,2463900
80,50,10307300,2554400
80,50,10697300,2671200
80,50,11072300,2661200
80,50,10850500,2562200
80,50,10497700,2408500
80,50,10758300,2561600
80,50,10772000,2451800
80,50,10296200,2424900
80,50,10260400,2430900
80,50,10407500,2743600
80,50,10383600,2517800
80,50,10544500,2581000
80,50,10504500,2476300
80,50,10835000,2445500
80,50,10610300,2523900
80,50,10385000,2437600
80,50,10694900,2540000
80,50,10730100,2512000
80,50,10475000,2578200
80,50,10316700,2461000
80,50,10553200,2655000
80,50,10894500,2595100
80,50,10582000,3139400
80,50,10657100,2821600
80,50,10782500,2565000
80,50,10527900,2556900
80,50,10559900,2524700
80,50,10679700,2666400
80,50,10578700,2557100
80,50,10517800,2479200
80,50,10630100,2498300
80,50,10924800,2411100
80,50,10505100,2471900
80,50,10272500,2454500
80,50,10581100,2511100
80,50,10142700,2400900
80,50,10562500,2556000
80,50,10602900,2560700
80,50,10536500,2501000
80,50,10659700,2541900
80,50,10680400,2467900
80,50,10509000,2664000
80,50,10496700,2454900
80,50,10429700,2500100
80,50,10493900,2494200
80,50,10418300,2611700
80,50,10573200,2513900
80,50,11177300,2498100
80,50,10764800,2499400
80,50,10944500,2473700
80,50,10501800,2487800
80,50,10548100,2658600
80,50,10485900,2497300
80,50,10469100,2497800
80,50,10672000,2538000
80,50,10587700,2542400
80,50,10651600,2452300
80,50,10525000,3190400
80,50,10760200,2631000
80,50,10473400,2496300
80,50,10453400,2491800
80,50,10525300,2630900
80,50,10666500,2602400
80,50,10474300,2496400
80,50,10932500,2470600
80,50,10498400,2426400
80,50,10476700,2461400
80,50,10786500,2452500
80,50,10642100,2870300
80,50,10387300,2568500
80,50,10549500,2487400
80,50,11106100,2583800
80,50,10484100,2495700
80,50,10470800,2449100
80,50,10687000,2603400
80,50,10648500,2653400
80,50,10654900,2545600
80,50,10516500,2518400
80,50,10408900,2533600
80,50,10256900,2550200
80,50,10648300,2667500
80,50,10935600,2637700
80,50,10715400,2522500
80,50,10226800,2395800
80,50,10601000,2414200
80,50,10667200,2515900
80,50,10791200,2614200
80,50,12092300,2609300
80,50,10827400,2511000
80,50,10497200,2526300
80,50,10866000,2601500
80,50,10528900,2512300
80,50,10332000,2518900
80,50,10661000,2766200
80,50,10482700,2513500
80,50,10776900,2547900
80,75,23367000,5487800
80,75,23521000,5601500
80,75,22765300,6016400
80,75,23380700,5516600
80,75,22979100,5460700
80,75,23776800,5750300
80,75,23563500,5723500
80,75,23721300,5696400
80,75,22640800,5754200
80,75,23027400,6238900
80,75,26743300,5464200
80,75,23102200,5399600
80,75,25014300,5456600
80,75,23725400,5743200
80,75,23596900,5619800
80,75,23649500,5676900
80,75,24144200,5852600
80,75,23301100,5612800
80,75,23011400,5518200
80,75,23280500,5629100
80,75,23260000,5534600
80,75,24146300,5663600
80,75,23414200,5532000
80,75,23263100,5528100
80,75,23238100,5500600
80,75,22873800,5429700
80,75,23642400,5533700
80,75,22952200,5414500
80,75,23276100,5542600
80,75,24049000,5658900
80,75,23749600,5624100
80,75,24299900,5669700
80,75,24042100,5552100
80,75,23447100,5530800
80,75,23163600,5480000
80,75,23756300,5722700
80,75,23844500,5593800
80,75,23620400,5581300
80,75,23706200,5601400
80,75,23397700,5569900
80,75,23427100,5559000
80,75,23609600,5711100
80,75,23691700,5610800
80,75,23877300,5642200
80,75,24036500,5539100
80,75,24615000,5575500
80,75,23082900,5380300
80,75,24281500,5641800
80,75,23748700,5620400
80,75,23788200,5460200
80,75,23758700,5433400
80,75,23208400,5497900
80,75,23240700,5531400
80,75,23714000,5665900
80,75,23662000,5574800
80,75,23681500,5681900
80,75,23852500,5708800
80,75,23299500,5458400
80,75,23445300,5472700
80,75,23672300,5640800
80,75,23181600,5519000
80,75,23550600,5568100
80,75,23280400,5497700
80,75,23618900,5510700
80,75,23513600,5447200
80,75,24215800,5726600
80,75,23956800,5611400
80,75,24070700,5713800
80,75,24406200,5658400
80,75,23231900,5535900
80,75,24139400,5859700
80,75,23489100,5776900
80,75,23476000,5850200
80,75,23472300,5899900
80,75,23277700,5704600
80,75,23524700,5855400
80,75,23735000,5799000
80,75,23462600,5551300
80,75,23032700,5498800
80,75,24759700,5736300
80,75,23222200,5454400
80,75,23787400,5427400
80,75,25073600,5605700
80,75,23253400,5602100
80,75,23968900,5725500
80,75,23699800,5815700
80,75,24153000,5486400
80,75,23490300,5527800
80,75,23120200,5539900
80,75,23548900,5577900
80,75,22856500,5440800
80,75,24220000,5698400
80,75,23212700,5648200
80,75,25582400,5737500
80,75,22909400,5578700
80,75,23598300,5698100
80,75,23324200,5538200
80,75,24270000,5873800
80,75,23591300,5543300
80,75,24739500,5774800
80,99,44193500,9504200
80,99,40428300,9483300
80,99,40526800,9533000
80,99,41410200,9575100
80,99,39891700,9314800
80,99,40002300,9452300
80,99,40883700,9501200
80,99,41597900,9729800
80,99,41841500,9839900
80,99,48577700,9756400
80,99,40728200,9725300
80,99,39927200,9555800
80,99,40261600,9602800
80,99,40025900,9541400
80,99,40767600,9559000
80,99,40233000,9617800
80,99,40270000,9436500
80,99,40648300,9737300
80,99,40161300,9339100
80,99,41735000,9365100
80,99,40151200,9276700
80,99,40573300,9376300
80,99,39975200,9195800
80,99,40279100,9318600
80,99,40505200,9613300
80,99,40375100,9863400
80,99,40521900,10037300
80,99,40572300,9852100
80,99,40453900,9977100
80,99,40181100,9897900
80,99,40169400,10150300
80,99,40173600,9652100
80,99,40479600,9921300
80,99,40563900,10127800
80,99,39825700,10331200
80,99,39759900,9859400
80,99,41377800,10139700
80,99,40228000,10074600
80,99,40044600,9840900
80,99,39929800,9609100
80,99,40570700,9506500
80,99,41158500,9545900
80,99,41939500,9707200
80,99,41835100,9838500
80,99,41878800,9740300
80,99,41395100,9599600
80,99,40803900,9689500
80,99,41103900,9583200
80,99,40596900,9617200
80,99,40607000,9501500
80,99,40844100,9331700
80,99,41245000,9452300
80,99,40732000,9852400
80,99,41207900,9701000
80,99,40994500,9428800
80,99,40478500,9480500
80,99,40483800,9436200
80,99,39710400,9405800
80,99,41113200,9591000
80,99,40105200,9808400
80,99,40672300,9655000
80,99,40538200,9754000
80,99,41246900,9919800
80,99,41486900,9846500
80,99,40585600,9965100
80,99,39572300,9274500
80,99,40295000,9709500
80,99,39957700,9242800
80,99,40215300,9409800
80,99,40057200,9472800
80,99,40762400,9652900
80,99,40372000,9654800
80,99,40141700,9626800
80,99,40872600,9326800
80,99,40518900,9523000
80,99,41048600,9838700
80,99,41405000,9777200
80,99,40119900,9742100
80,99,41452500,10422200
80,99,41069100,9758500
80,99,41195200,9714300
80,99,41720200,11290600
80,99,41263400,10174200
80,99,40919800,11031500
80,99,40037700,9550600
80,99,40056300,9681500
80,99,41274700,9551300
80,99,41098300,9685000
80,99,41019300,9558000
80,99,40934800,9628500
80,99,40265700,9427400
80,99,40537500,9417500
80,99,40741700,9661600
80,99,43520000,10012600
80,99,44434200,10739900
80,99,41792900,9625500
80,99,41357200,9830300
80,99,41217600,9781200
80,99,40782600,9427700
80,99,42002600,9833800
90,25,4233600,1041700
90,25,4299100,1045400
90,25,4450000,1101100
90,25,4397200,1081400
90,25,4870600,1080000
90,25,4460600,1092300
90,25,4351100,1081100
90,25,4323400,1080400
90,25,4299100,1077400
90,25,4273400,1064100
90,25,4379500,1181100
90,25,4675700,1566100
90,25,4537700,1057900
90,25,4288900,1051800
90,25,4198600,1045100
90,25,4531500,1085600
90,25,4328300,1059900
90,25,4245900,1069600
90,25,4173300,1037600
90,25,4326600,1055800
90,25,4269600,1069000
90,25,4313400,1033700
90,25,4451400,1079400
90,25,4320600,1057700
90,25,4317700,1116000
90,25,4252900,1043500
90,25,4276400,1041000
90,25,4227300,1051500
90,25,4181100,1044800
90,25,4252800,1145800
90,25,4459800,1080600
90,25,4271200,1075800
90,25,4214200,1054100
90,25,4178300,1037300
90,25,4270800,1071500
90,25,4226700,1062800
90,25,4198600,1037700
90,25,4387000,1301900
90,25,4315200,1040400
90,25,4480700,1050500
90,25,4280100,1046300
90,25,4390300,1054600
90,25,4234900,1051800
90,25,4186600,1019700
90,25,5224100,1105900
90,25,4382900,1110500
90,25,4341000,1074600
90,25,4191700,1034700
90,25,4169500,1043500
90,25,4125200,1025700
90,25,4219800,1108400
90,25,4287600,1046600
90,25,4404900,1061400
90,25,4302900,1058600
90,25,4223200,1020600
90,25,4260700,1061000
90,25,4297900,1026800
90,25,4190700,1011500
90,25,4289900,1061600
90,25,4255800,1056600
90,25,4362100,1069000
90,25,4371700,1080900
90,25,4468300,1054400
90,25,4371400,1065200
90,25,4421200,1079400
90,25,4258000,1054900
90,25,4201400,1048300
90,25,4176600,1034500
90,25,4294200,1092800
90,25,4287300,1057500
90,25,4460200,1076400
90,25,4400200,1096700
90,25,4553300,1065200
90,25,4332400,1043600
90,25,4484100,1737300
90,25,4426000,1055400
90,25,4288000,1055600
90,25,4251600,1034000
90,25,4435900,1073000
90,25,4530000,1064200
90,25,4516700,1054900
90,25,4447900,1062600
90,25,4251600,1052400
90,25,4409900,1047200
90,25,4313300,1059500
90,25,4296600,1065500
90,25,4334900,1099200
90,25,4269300,1054300
90,25,4340000,1058100
90,25,4313100,1050700
90,25,4453400,1083900
90,25,4342700,1051800
90,25,4334400,1068300
90,25,4208700,1049800
90,25,4381800,1078800
90,25,4334600,1055400
90,25,4294400,1071200
90,25,4266100,1047800
90,25,4326700,1089500
90,25,4293000,1068300
90,50,16838300,4001000
90,50,16455200,3928000
90,50,17581600,3953900
90,50,16798900,4057800
90,50,16508000,3911000
90,50,17739600,4005700
90,50,16698200,3927800
90,50,17031300,4006900
90,50,17254300,4038600
90,50,17133900,4123500
90,50,16690000,3977100
90,50,16815000,4086600
90,50,17079000,4011500
90,50,16785900,3910100
90,50,16862200,3980800
90,50,19929100,4161700
90,50,18341700,4336800
90,50,17708500,4180300
90,50,16724300,4028600
90,50,16719300,4006700
90,50,16721100,3899600
90,50,16944900,3876200
90,50,16886100,3903500
90,50,16662500,4081000
90,50,16565700,3902100
90,50,17423700,4030700
90,50,16796000,3982400
90,50,16817600,3871300
90,50,19406300,4145100
90,50,16854000,3875300
90,50,16997400,4075600
90,50,16944100,4011300
90,50,17175600,4064000
90,50,17091700,3984600
90,50,16733400,3957300
90,50,16710400,3834300
90,50,18504100,4015600
90,50,17412500,4066200
90,50,16764600,3926600
90,50,16912600,3971500
90,50,17006100,3940800
90,50,16838000,3894400
90,50,17033700,3930100
90,50,17475300,4099700
90,50,16981700,3860300
90,50,17137000,4201900
90,50,16699300,3931900
90,50,16891800,3957500
90,50,16791700,4691200
90,50,17171700,4080100
90,50,16779700,4114700
90,50,16707400,3880200
90,50,16803500,3995700
90,50,17338300,4043900
90,50,17415000,4142400
90,50,16908200,3959100
90,50,17360200,4011900
90,50,17144000,3992700
90,50,17173900,4011700
90,50,16925800,3950000
90,50,16881600,3952300
90,50,16538300,3816800
90,50,16922700,4399900
90,50,17254700,4014700
90,50,16824500,4157900
90,50,16878500,3978100
90,50,17039300,3996000
90,50,16915700,3965900
90,50,16583500,3967500
90,50,17020300,4037000
90,50,16902000,3950300
90,50,16490800,3887300
90,50,16950100,4239700
90,50,16916900,3900300
90,50,16562600,3993900
90,50,17133000,4024900
90,50,16679800,3930200
90,50,16658600,4207400
90,50,16660600,3937100
90,50,17367300,4131700
90,50,17045800,4190100
90,50,16726600,3924000
90,50,17136600,4026900
90,50,16860500,3857500
90,50,17682700,4090100
90,50,16905700,3981200
90,50,17062100,4199100
90,50,16742200,3904900
90,50,17266800,4027800
90,50,16841700,3980100
90,50,16890200,4266800
90,50,17298800,3928300
90,50,16851800,4012400
90,50,16873300,4038800
90,50,17062100,4124100
90,50,17201400,4069300
90,50,17155100,4083600
90,50,16801800,4129500
90,50,17150300,3988300
90,50,16853700,4113300
90,75,37690200,8696300
90,75,37440900,8859800
90,75,38277900,9136600
90,75,38493400,9269900
90,75,37860700,9417300
90,75,39859200,9311000
90,75,38840800,9111800
90,75,39333100,9098400
90,75,40225200,9253200
90,75,38692500,9159900
90,75,37791600,9050600
90,75,37003300,8841800
90,75,37634900,9887500
90,75,38332600,8984300
90,75,37815500,9171600
90,75,37550700,8945500
90,75,38321800,8751300
90,75,37909300,9247300
90,75,38036300,8984300
90,75,38860300,9277200
90,75,37413100,8992000
90,75,38322000,8984500
90,75,37839100,9150500
90,75,37763700,9342100
90,75,39008100,9458200
90,75,37485900,8763000
90,75,37922500,8971600
90,75,38442500,8934300
90,75,39484900,9241800
90,75,37360300,8827800
90,75,38666300,8893900
90,75,38014300,8828800
90,75,38347500,9022100
90,75,38375300,8866800
90,75,38554700,9001500
90,75,39219200,9383300
90,75,38421200,9036400
90,75,37620100,8939200
90,75,38038400,9252800
90,75,37969200,8893100
90,75,38280100,9006400
90,75,38943300,8989300
90,75,38033600,9547600
90,75,37956100,10119700
90,75,38018000,8998300
90,75,39010600,9161300
90,75,39238700,8772500
90,75,38857000,9073300
90,75,38915900,9299200
90,75,39070500,9082500
90,75,38514900,9184000
90,75,40510100,9061400
90,75,40110500,9795200
90,75,39080900,9253800
90,75,39118200,9386500
90,75,39743600,9159200
90,75,39308800,9216600
90,75,39275400,9073700
90,75,39077200,9498000
90,75,39199800,9077700
90,75,41012400,8949800
90,75,38261700,9058900
90,75,38017400,8772000
90,75,40034700,9175400
90,75,38756000,9056500
90,75,39094700,8913800
90,75,39054500,9179900
90,75,38657600,8924400
90,75,39117400,9189400
90,75,38898300,9133900
90,75,38290500,9285400
90,75,38846000,9153700
90,75,38545800,10548300
90,75,38814500,9008700
90,75,38650100,10003900
90,75,39331900,9142800
90,75,38656000,13529200
90,75,39149600,9474800
90,75,39706800,9075100
90,75,39415100,9042300
90,75,38474500,9111300
90,75,39395000,9098700
90,75,37536900,8903700
90,75,38809000,8997200
90,75,37440900,9094200
90,75,38490400,9314300
90,75,38882600,9514900
90,75,37607800,8947500
90,75,37460500,10166900
90,75,38977800,9134800
90,75,37640800,9463300
90,75,39645100,9751600
90,75,37989600,8884400
90,75,39675500,9022200
90,75,38629200,8855500
90,75,40180200,9244600
90,75,38972900,9605000
90,75,38734600,9195900
90,75,38755900,8950900
90,75,39554700,9387700
90,99,64889000,15184200
90,99,66728900,15435800
90,99,65884300,16311100
90,99,65907300,15551600
90,99,65966800,16749300
90,99,66088800,15333300
90,99,65796300,15588700
90,99,65363300,15474200
90,99,66609000,15115800
90,99,67072400,15386600
90,99,66510100,15719800
90,99,65318400,14998100
90,99,64613700,15233000
90,99,67644100,15608300
90,99,68375100,15231000
90,99,67176800,15402100
90,99,65728600,15216200
90,99,66712200,15775200
90,99,65971500,15951400
90,99,66229700,14973400
90,99,65392300,15355000
90,99,65760900,15443600
90,99,64235400,14977100
90,99,65693300,15371000
90,99,64935000,15163200
90,99,63996100,15583600
90,99,64599500,15055900
90,99,65225500,15221900
90,99,64545300,15154900
90,99,65263400,15262000
90,99,65992200,14987000
90,99,67219900,15723900
90,99,68026800,19123800
90,99,65901000,15840200
90,99,65663200,15570700
90,99,65275600,15365500
90,99,64268300,14736800
90,99,64711500,15740000
90,99,64627800,15267500
90,99,65881500,15387400
90,99,65682800,15837900
90,99,66174600,15308200
90,99,65458400,15414200
90,99,66459900,15209500
90,99,64313600,15203000
90,99,65839600,15560200
90,99,64623100,15411100
90,99,67142200,15511100
90,99,65190900,15478200
90,99,65814900,15338800
90,99,66111700,15500300
90,99,66548200,15305000
90,99,65254100,15268300
90,99,66238000,15813200
90,99,63978300,15073000
90,99,67883800,15031200
90,99,64732400,15310900
90,99,65550700,15310900
90,99,64835800,15590600
90,99,65006300,15131500
90,99,66505800,15716000
90,99,66595500,15506400
90,99,66123800,15598400
90,99,67135400,15932700
90,99,65163800,15371900
90,99,64930700,15247800
90,99,64124100,15134500
90,99,65663900,15738200
90,99,65296900,15408900
90,99,66591800,15445500
90,99,65080500,15267000
90,99,66114600,15842500
90,99,64495300,15016500
90,99,74352000,17406500
90,99,66628600,15448200
90,99,66649000,15362600
90,99,64272100,15185500
90,99,65951000,15269900
90,99,65465400,15550700
90,99,66581200,15651000
90,99,65051800,15383600
90,99,65597400,15274600
90,99,65913800,15356100
90,99,64860700,15185000
90,99,64295100,15614000
90,99,67097700,15725700
90,99,66068900,15380200
90,99,66267100,15358700
90,99,65421000,15433900
90,99,66120100,15126900
90,99,64347600,15084800
90,99,64493800,14799200
90,99,64682900,15092300
90,99,67200200,15226400
90,99,67097500,15637800
90,99,66514300,15173400
90,99,65814500,15371200
90,99,65504900,15343300
90,99,64675000,15599500
90,99,66139000,15228600
100,25,6502100,1679500
100,25,6380400,1579900
100,25,6577000,1616900
100,25,6342600,1564200
100,25,6300800,1554700
100,25,6555700,1580000
100,25,6450300,1554700
100,25,6591900,1605500
100,25,6534300,1563300
100,25,6564000,1593900
100,25,6808800,1661500
100,25,6451200,1574900
100,25,6537900,1585300
100,25,6546200,1708100
100,25,6178300,1518900
100,25,6395300,1534400
100,25,6265900,1541900
100,25,6362500,1560200
100,25,6452800,1556800
100,25,6506800,1636300
100,25,6470200,1932300
100,25,6878500,1694300
100,25,6596600,1606400
100,25,6990400,1673500
100,25,6886700,1631900
100,25,6559600,1556100
100,25,6453400,1546400
100,25,6478500,1565000
100,25,6543600,1617400
100,25,6357200,1552600
100,25,6237600,1524500
100,25,6537000,1580800
100,25,6350400,1580200
100,25,6615800,1628800
100,25,6521700,1592600
100,25,6545000,1599300
100,25,6608200,1605600
100,25,6578500,1616400
100,25,6622400,1546100
100,25,6553400,1578200
100,25,6677500,1611700
100,25,6408900,1557900
100,25,6341700,1804200
100,25,6291800,1535200
100,25,6413900,1588400
100,25,6563900,1618500
100,25,6596900,1583900
100,25,6435600,1564800
100,25,6433100,1570000
100,25,6532300,1607900
100,25,6504200,1575200
100,25,6379400,1578400
100,25,6649700,1628700
100,25,6436000,1550000
100,25,6514400,1535000
100,25,7326700,1755800
100,25,6367200,1548400
100,25,6479300,1578200
100,25,6697200,1626200
100,25,6400400,1574500
100,25,6419600,1569200
100,25,6439200,1579600
100,25,6409900,1542200
100,25,6548700,1560800
100,25,6671400,1586300
100,25,6663900,1621700
100,25,6432200,1564300
100,25,7306500,1671100
100,25,6554600,1602200
100,25,6706300,1635200
100,25,6509800,1541200
100,25,6506200,1612000
100,25,6400800,1576700
100,25,6584800,1565600
100,25,6333100,1602900
100,25,6499000,1687600
100,25,6705700,1573300
100,25,7131800,1598700
100,25,6757900,1557400
100,25,6487600,1704500
100,25,6348600,1524000
100,25,6336400,1534300
100,25,6514000,1567100
100,25,6642400,1610200
100,25,6675700,1574600
100,25,6346800,1530700
100,25,6369900,1547200
100,25,6354600,1526000
100,25,6544500,1578200
100,25,6791500,1592500
100,25,6554200,1594100
100,25,6500100,1558400
100,25,6413600,1668200
100,25,6563400,1678100
100,25,6358200,1532600
100,25,6396100,1611400
100,25,6526400,1581500
100,25,6653100,1618400
100,25,6699300,1601100
100,25,6567400,1659800
100,50,26450900,6069800
100,50,25950700,5896100
100,50,25934300,5867400
100,50,26041000,6032200
100,50,26838800,6159800
100,50,25856000,6145200
100,50,26157700,5963100
100,50,25920600,6286800
100,50,26394000,6012400
100,50,25883600,6023500
100,50,26533700,6211000
100,50,26201500,6004300
100,50,26271700,7295900
100,50,26259600,5954100
100,50,25705500,6374300
100,50,26085000,5944100
100,50,26458200,6013400
100,50,26149000,6248600
100,50,26509600,6174600
100,50,25943800,6636900
100,50,27759500,5994300
100,50,26116400,6019500
100,50,26603800,6108100
100,50,27231900,6185900
100,50,27150200,5912500
100,50,26798400,6314800
100,50,25829200,6054900
100,50,26129800,6164600
100,50,26499600,6208100
100,50,26574800,6169700
100,50,26178800,5940500
100,50,26791300,5975300
100,50,25954100,6038400
100,50,26266700,6310400
100,50,29708800,6508200
100,50,26258800,6067200
100,50,26635700,6040300
100,50,26890700,6044100
100,50,26448800,5952000
100,50,26659200,6188000
100,50,26486700,6084800
100,50,26700300,6222100
100,50,25924300,6042400
100,50,26915800,6166300
100,50,25976000,5953600
100,50,26466000,6234900
100,50,26237800,6109100
100,50,25754500,5991700
100,50,25936300,6016100
100,50,25622700,5975600
100,50,26873100,6087100
100,50,26104900,6023300
100,50,26776600,6107800
100,50,26654100,6173500
100,50,25738200,5997600
100,50,26415800,6082100
100,50,25872900,6059400
100,50,25768800,5951600
100,50,26540900,6324700
100,50,25953500,6117600
100,50,26174500,6181000
100,50,26789400,6232500
100,50,26400200,6664600
100,50,26191000,5946200
100,50,25139500,6001800
100,50,25807800,5952800
100,50,25756100,6024000
100,50,25523900,6095900
100,50,25863000,5921100
100,50,25380300,6046500
100,50,26174700,6072900
100,50,25916700,6123700
100,50,26062600,6042600
100,50,26229800,6229800
100,50,26861500,6144100
100,50,26405500,6156200
100,50,26164100,6023800
100,50,26734000,7130000
100,50,26574900,6013700
100,50,26287200,8126800
100,50,25872400,5968400
100,50,25674300,6019500
100,50,26640900,6034000
100,50,26022500,5968500
100,50,25785100,5924000
100,50,26001200,6087200
100,50,26274300,5920300
100,50,25624500,6030600
100,50,27155100,6209200
100,50,26437100,6053600
100,50,25922700,5891200
100,50,26165300,6354200
100,50,27918700,6069900
100,50,26028100,6181200
100,50,25627600,6098700
100,50,26023300,6095800
100,50,26461000,6047000
100,50,25911300,6127600
100,50,26356600,6094900
100,50,29305800,6305300
100,75,59568300,14021900
100,75,57799200,13332800
100,75,58426300,13609300
100,75,56893300,13801600
100,75,57409000,13421600
100,75,58085400,15056300
100,75,64365900,13740900
100,75,60063500,13984400
100,75,59679600,13665800
100,75,58418000,13522800
100,75,58613800,13492600
100,75,57986600,13919600
100,75,58919200,13448100
100,75,58722900,14212800
100,75,59516500,14002300
100,75,58430000,13944900
100,75,58503000,13657700
100,75,58505500,13766800
100,75,58127400,13754200
100,75,56791100,13412200
100,75,58296800,13867100
100,75,58832400,13996200
100,75,59056200,13848700
100,75,59535000,13862000
100,75,58538800,13586100
100,75,57369800,13693700
100,75,58744300,14553500
100,75,58809500,13671000
100,75,57633400,15107500
100,75,58263100,13546000
100,75,57495700,14403500
100,75,57711100,13561500
100,75,58915700,13770400
100,75,60670200,13856900
100,75,60790100,14560600
100,75,59225100,13804400
100,75,60449300,14257800
100,75,59670100,14117400
100,75,59024700,13994800
100,75,59838100,13937000
100,75,58199700,13943400
100,75,59668800,14091500
100,75,58257600,14214000
100,75,58918100,13938600
100,75,59181100,14295900
100,75,59470000,14530400
100,75,57818800,14908600
100,75,58409600,13636100
100,75,59110200,14244200
100,75,60510600,14606600
100,75,58559500,14680500
100,75,59481200,13732800
100,75,58426100,13894600
100,75,64000800,13974400
100,75,59627300,14966800
100,75,59227900,14061100
100,75,60211800,14637600
100,75,59471100,14162800
100,75,58973700,14165100
100,75,58611500,13681000
100,75,58534200,13878500
100,75,58734700,13778400
100,75,59668000,14788000
100,75,59590000,14378100
100,75,60028100,14148900
100,75,63512100,15269400
100,75,60810100,13655500
100,75,58636400,14069900
100,75,60265200,14464700
100,75,58130900,13949100
100,75,59267400,13533900
100,75,58130400,13519000
100,75,59982100,13958900
100,75,57450000,13731500
100,75,60006300,13489200
100,75,59904200,14141900
100,75,58794200,14178200
100,75,60964200,14591600
100,75,59191700,13572200
100,75,58920300,14046800
100,75,59269200,13991500
100,75,60515600,14210000
100,75,58567400,13980200
100,75,58777600,14164200
100,75,60167400,14217200
100,75,59952500,14103400
100,75,60007600,14071800
100,75,58805800,14337100
100,75,56804400,13618500
100,75,58465600,13888800
100,75,57886900,13507900
100,75,59399200,14061300
100,75,61156000,14079900
100,75,58814900,14250300
100,75,59140500,13837000
100,75,58529800,14259600
100,75,60095100,15683500
100,75,59851500,14291500
100,75,97957900,20725800
100,75,89407000,21304200
100,99,132285700,29555300
100,99,159283000,26868200
100,99,120209600,28354200
100,99,112819600,25686900
100,99,106076500,24892000
100,99,110900000,25108800
100,99,104925600,26043300
100,99,110998300,24952300
100,99,104859900,24646000
100,99,111859100,25824000
100,99,109218300,25791100
100,99,107975500,24908600
100,99,110524800,24026600
100,99,108641700,24643800
100,99,104113500,25580800
100,99,108606100,24717000
100,99,104188100,24309700
100,99,105680500,24207100
100,99,106401900,25019300
100,99,106081400,24149700
100,99,103339700,23930800
100,99,105552500,24005000
100,99,110242900,25464100
100,99,121312200,24054200
100,99,106415000,24534000
100,99,107027300,24198600
100,99,112161400,24894100
100,99,111123600,24317800
100,99,104847500,23816700
100,99,105948400,25318800
100,99,105136600,24255300
100,99,108241800,24022800
100,99,116156200,26510300
100,99,109943500,25340900
100,99,115597700,25580500
100,99,109764000,27550700
100,99,115743200,26676800
100,99,109859100,24734700
100,99,114789000,30019600
100,99,126310200,25306000
100,99,104967500,24547700
100,99,104282800,24574500
100,99,102459400,23431200
100,99,107312800,24131700
100,99,120126600,25066000
100,99,106583600,24663900
100,99,115909400,25660700
100,99,112554200,26825000
100,99,107314300,24872100
100,99,121674200,24796300
100,99,105196600,24074200
100,99,111541500,24535200
100,99,110045500,24064800
100,99,124707800,31665800
100,99,107443500,24614300
100,99,106451800,31630900
100,99,117461400,24269100
100,99,106291300,24472900
100,99,105971300,32397000
100,99,110188300,25671400
100,99,114047000,24538400
100,99,111271000,23901500
100,99,112380100,24105800
100,99,116134800,26371100
100,99,104790300,23896200
100,99,107696200,25154900
100,99,107138300,24911200
100,99,107019200,24691100
100,99,106738000,23850500
100,99,108915700,23945800
100,99,105778400,24393100
100,99,108110100,24669000
100,99,106847700,25357800
100,99,105719100,23774900
100,99,105958900,24335700
100,99,105148800,23871300
100,99,112513300,24329500
100,99,108063500,25089000
100,99,108666800,24827700
100,99,115549700,24825500
100,99,107858900,24809500
100,99,106566600,24547900
100,99,117289800,26086100
100,99,108490700,24558300
100,99,109831200,26369900
100,99,110139600,25346300
100,99,107392100,24288000
100,99,105253900,24758200
100,99,109848900,24732800
100,99,105509700,24319700
100,99,114192900,31376800
100,99,114042800,27995600
100,99,111398000,25389300
100,99,120444500,24256300
100,99,125104200,24261300
100,99,119389900,25184000
100,99,108717100,28472800
100,99,109205000,28132700
100,99,111960300,24837900
100,99,109599600,24845400
