10,25,9800,6900
10,25,4700,4900
10,25,5800,5500
10,25,4200,5100
10,25,5500,4600
10,25,3200,3700
10,25,4300,4200
10,25,3700,3900
10,25,3500,3900
10,25,4600,4200
10,25,4400,4700
10,25,3500,3200
10,25,5200,5000
10,25,4500,3200
10,25,4000,3300
10,25,2800,3100
10,25,4400,4900
10,25,7100,5100
10,25,5000,4200
10,25,4200,4500
10,25,7300,7100
10,25,7900,7100
10,25,4400,4000
10,25,4800,4900
10,25,7100,5000
10,25,8400,9100
10,25,5400,5200
10,25,3400,3700
10,25,3400,2900
10,25,2800,3200
10,25,5500,4800
10,25,2800,3000
10,25,5500,5300
10,25,2900,2900
10,25,4700,5200
10,25,7600,9800
10,25,3000,3300
10,25,4200,4000
10,25,4900,4600
10,25,6900,5200
10,25,4400,4900
10,25,2400,2800
10,25,2600,3000
10,25,2400,2800
10,25,2500,3100
10,25,3600,3000
10,25,2500,4400
10,25,2400,3000
10,25,5500,4100
10,25,5300,4900
10,25,3400,3100
10,25,3500,3100
10,25,3000,3000
10,25,3600,3600
10,25,4000,3900
10,25,3500,2900
10,25,4400,3600
10,25,3700,3100
10,25,2800,3600
10,25,4900,3500
10,25,2800,3400
10,25,3000,3300
10,25,2800,3400
10,25,2800,3100
10,25,3000,3100
10,25,3200,3600
10,25,3800,3700
10,25,4000,3700
10,25,2700,2800
10,25,3100,2800
10,25,3700,4600
10,25,3600,3300
10,25,4100,3600
10,25,5600,4200
10,25,25600,5300
10,25,4600,3800
10,25,3400,3100
10,25,3100,3200
10,25,2700,2800
10,25,3200,3200
10,25,3200,3400
10,25,4300,6600
10,25,4600,3100
10,25,4300,3100
10,25,4100,3200
10,25,5800,6300
10,25,6100,5500
10,25,3200,2900
10,25,2800,3100
10,25,3800,3800
10,25,5700,5400
10,25,4900,4800
10,25,3800,3500
10,25,3400,3300
10,25,4700,3300
10,25,3600,4000
10,25,3500,4100
10,25,2700,2800
10,25,5600,4000
10,25,14000,3200
10,50,6000,6100
10,50,5900,7500
10,50,7100,5500
10,50,4100,4100
10,50,3500,4000
10,50,5300,4200
10,50,4500,4100
10,50,4700,4500
10,50,4500,3700
10,50,6700,3600
10,50,4300,4500
10,50,3500,3500
10,50,4200,3900
10,50,3800,3800
10,50,3500,4300
10,50,4500,4500
10,50,4800,6300
10,50,4000,3600
10,50,3200,3800
10,50,7900,8000
10,50,5700,6200
10,50,5800,6300
10,50,5300,6100
10,50,4300,4100
10,50,4500,4200
10,50,5000,4600
10,50,5500,4200
10,50,3800,8100
10,50,3000,4900
10,50,2800,3700
10,50,2800,3500
10,50,3200,3600
10,50,3300,3400
10,50,3300,3500
10,50,4000,3900
10,50,2900,3600
10,50,4400,3400
10,50,2700,3500
10,50,3400,3700
10,50,3300,3500
10,50,3200,3400
10,50,2700,3500
10,50,2800,3300
10,50,2500,3400
10,50,4400,3400
10,50,2500,3300
10,50,2800,3500
10,50,3100,3500
10,50,3000,3400
10,50,2800,3400
10,50,2800,3500
10,50,3200,3400
10,50,2700,3400
10,50,3200,3500
10,50,2800,3300
10,50,2800,4800
10,50,2600,3300
10,50,3000,3500
10,50,2500,3300
10,50,4000,8400
10,50,2800,3700
10,50,3100,3500
10,50,2700,3400
10,50,2600,5300
10,50,3100,3600
10,50,4200,4700
10,50,3100,3600
10,50,2900,3400
10,50,3200,3500
10,50,2800,3600
10,50,3100,3400
10,50,4300,3500
10,50,3200,3800
10,50,3200,3600
10,50,3400,3400
10,50,3400,3600
10,50,3300,3300
10,50,11700,3500
10,50,3100,3400
10,50,3600,3400
10,50,3400,3300
10,50,3200,3600
10,50,3300,3600
10,50,3300,3400
10,50,3100,3900
10,50,3200,3500
10,50,2500,3400
10,50,2900,3500
10,50,2700,3400
10,50,3300,3500
10,50,2800,4700
10,50,3000,3200
10,50,2800,3500
10,50,2700,3400
10,50,3300,3500
10,50,2800,3500
10,50,2900,3400
10,50,3000,3500
10,50,3000,5000
10,50,2500,3400
10,75,3100,3800
10,75,3900,4000
10,75,3100,3800
10,75,3400,3800
10,75,3000,4800
10,75,3200,3700
10,75,3200,3700
10,75,2900,3700
10,75,3500,3900
10,75,3300,3700
10,75,9400,3900
10,75,3400,3700
10,75,3200,5300
10,75,3000,3700
10,75,3400,3600
10,75,3200,3700
10,75,2900,3600
10,75,3100,3800
10,75,3300,3700
10,75,3000,5000
10,75,3900,3900
10,75,7400,4000
10,75,5100,4200
10,75,5100,23200
10,75,5200,4200
10,75,5000,4200
10,75,5300,4000
10,75,3900,4100
10,75,4400,4100
10,75,4200,3900
10,75,3800,4000
10,75,3200,3800
10,75,4300,4000
10,75,4200,4300
10,75,5700,4200
10,75,14300,4000
10,75,3800,3800
10,75,3400,4000
10,75,4700,3900
10,75,4200,3900
10,75,4500,3900
10,75,3400,3700
10,75,3500,3500
10,75,4200,4000
10,75,3700,5400
10,75,3300,3800
10,75,3500,4300
10,75,3100,3700
10,75,3400,3900
10,75,3300,4300
10,75,2900,3800
10,75,3300,5100
10,75,3000,3700
10,75,3200,3800
10,75,3500,3900
10,75,3100,3700
10,75,3400,3800
10,75,3800,3800
10,75,4400,3600
10,75,3100,3900
10,75,3200,3800
10,75,3100,3700
10,75,3300,3800
10,75,3000,3500
10,75,3600,3800
10,75,3300,3800
10,75,3200,3800
10,75,3300,3900
10,75,4000,3800
10,75,3200,3500
10,75,3200,3600
10,75,3600,3900
10,75,3200,3800
10,75,3200,3600
10,75,2900,3700
10,75,3300,3700
10,75,3500,5400
10,75,3300,3800
10,75,3400,3600
10,75,3100,3900
10,75,3000,3700
10,75,3200,3800
10,75,3400,4000
10,75,3300,5200
10,75,3500,3800
10,75,3500,4000
10,75,3400,3700
10,75,3500,3700
10,75,3300,3800
10,75,3500,3800
10,75,4700,3900
10,75,3400,3900
10,75,6200,4500
10,75,4200,3900
10,75,3100,3800
10,75,3600,4100
10,75,3500,3600
10,75,3100,3800
10,75,3500,3700
10,75,3200,3600
10,99,3700,3900
10,99,3200,3600
10,99,3400,3600
10,99,3700,4000
10,99,4000,3900
10,99,3600,3700
10,99,3200,4000
10,99,3500,3800
10,99,3700,3800
10,99,3600,3900
10,99,3600,3700
10,99,3300,3500
10,99,3500,4900
10,99,3500,3700
10,99,5100,4500
10,99,3700,4000
10,99,3500,3700
10,99,4700,4100
10,99,3600,3800
10,99,3300,3800
10,99,3200,3500
10,99,3600,3800
10,99,4900,3900
10,99,3500,3900
10,99,3300,3500
10,99,3500,3800
10,99,3300,3700
10,99,3100,3800
10,99,3600,3500
10,99,3700,3600
10,99,3900,3800
10,99,3600,3800
10,99,3900,3700
10,99,4000,3800
10,99,15700,3900
10,99,3700,3900
10,99,3800,3900
10,99,4300,3900
10,99,3700,3900
10,99,3600,3800
10,99,3600,3800
10,99,3400,3600
10,99,3300,3800
10,99,3600,5100
10,99,3400,3800
10,99,3300,3900
10,99,3300,3700
10,99,5400,3700
10,99,3400,5100
10,99,3100,3400
10,99,3300,3700
10,99,3200,3700
10,99,3200,3800
10,99,4800,3700
10,99,4600,3700
10,99,3500,3700
10,99,3900,4000
10,99,4700,3700
10,99,3900,3900
10,99,4000,4100
10,99,3600,3900
10,99,4100,4000
10,99,4900,4100
10,99,3700,3800
10,99,3500,3700
10,99,3800,3700
10,99,4300,4000
10,99,4500,3400
10,99,4200,3800
10,99,3800,3900
10,99,3600,4000
10,99,4200,3900
10,99,3800,3500
10,99,4400,3700
10,99,3500,3900
10,99,3800,4000
10,99,6000,3700
10,99,3900,3800
10,99,4000,3700
10,99,4000,5100
10,99,3800,3800
10,99,3600,3800
10,99,3900,3900
10,99,4100,3700
10,99,4900,4000
10,99,3500,3700
10,99,3500,3700
10,99,3300,3700
10,99,3500,3600
10,99,4600,3700
10,99,3300,3500
10,99,3300,3400
10,99,7400,5700
10,99,4300,3900
10,99,3400,3700
10,99,3700,3800
10,99,3700,3700
10,99,3600,4100
10,99,3200,3500
10,99,3700,3700
20,25,6900,8800
20,25,6400,8400
20,25,6300,9500
20,25,6300,8400
20,25,6500,8000
20,25,6500,8100
20,25,6300,8400
20,25,6600,8400
20,25,6500,8500
20,25,10500,12500
20,25,7100,8800
20,25,6200,8000
20,25,6400,7700
20,25,8300,8400
20,25,6700,8400
20,25,7200,8300
20,25,7000,9900
20,25,6900,24500
20,25,7000,8500
20,25,6800,8000
20,25,6800,8500
20,25,6900,8200
20,25,6100,8000
20,25,5900,7700
20,25,6000,8000
20,25,7000,8200
20,25,6000,7900
20,25,7500,8100
20,25,6300,8000
20,25,6000,9700
20,25,7700,8000
20,25,6300,8000
20,25,6000,7900
20,25,5900,9200
20,25,6600,8300
20,25,6700,8300
20,25,5900,7900
20,25,6100,8100
20,25,6200,8100
20,25,6200,7800
20,25,6600,7800
20,25,6000,8100
20,25,6000,7800
20,25,5800,7800
20,25,7400,7800
20,25,5900,7800
20,25,6600,8400
20,25,6500,9600
20,25,6100,7700
20,25,6700,7900
20,25,6400,7900
20,25,6400,7800
20,25,6700,8200
20,25,6900,8300
20,25,6400,8600
20,25,6800,8200
20,25,7100,10500
20,25,6100,7900
20,25,14700,7600
20,25,5800,7800
20,25,6000,8100
20,25,6200,9600
20,25,6100,8000
20,25,6100,7900
20,25,5900,8100
20,25,6200,7900
20,25,6000,8100
20,25,6300,8200
20,25,5700,15500
20,25,6100,8000
20,25,5900,7900
20,25,5800,7900
20,25,8200,8200
20,25,6100,7900
20,25,6200,8100
20,25,6100,9200
20,25,6200,8000
20,25,6200,7800
20,25,5900,9100
20,25,6200,7900
20,25,6300,8300
20,25,6300,8400
20,25,6600,24900
20,25,8200,32800
20,25,6900,8100
20,25,6500,8300
20,25,7600,8100
20,25,6800,8400
20,25,6400,7700
20,25,7900,7900
20,25,6800,8300
20,25,7400,8400
20,25,5700,9400
20,25,6200,8200
20,25,6400,8400
20,25,6100,8100
20,25,6000,7800
20,25,6100,7900
20,25,6500,8100
20,25,6200,8000
20,50,7600,10500
20,50,9300,14400
20,50,7500,10400
20,50,7400,10600
20,50,7200,10400
20,50,7100,10600
20,50,7600,10700
20,50,7100,10600
20,50,7300,10400
20,50,8200,11300
20,50,8300,11500
20,50,7500,11000
20,50,7900,10500
20,50,9200,10500
20,50,8600,11100
20,50,7700,10800
20,50,7200,10400
20,50,6800,10200
20,50,7300,10500
20,50,23900,34200
20,50,7600,12500
20,50,7700,11800
20,50,7900,11900
20,50,8800,10900
20,50,9000,10700
20,50,9000,10700
20,50,8300,10900
20,50,7300,10300
20,50,8100,10700
20,50,8400,10700
20,50,8200,11200
20,50,8200,10600
20,50,8600,10700
20,50,12200,38100
20,50,7900,10700
20,50,7200,10400
20,50,8100,10700
20,50,7700,10700
20,50,7200,10700
20,50,7500,10300
20,50,7400,10700
20,50,7600,10400
20,50,7400,10800
20,50,7300,10300
20,50,7400,10500
20,50,7300,10400
20,50,8000,11000
20,50,7900,10700
20,50,7800,10800
20,50,8100,10500
20,50,8100,10900
20,50,8200,10500
20,50,8500,10900
20,50,8100,10100
20,50,7600,10200
20,50,7300,10400
20,50,7300,10300
20,50,7300,10500
20,50,7500,10600
20,50,7100,10500
20,50,7200,10300
20,50,7900,10400
20,50,7400,11600
20,50,7800,11900
20,50,7300,11900
20,50,7700,17300
20,50,9200,10500
20,50,10100,10900
20,50,9700,10900
20,50,10400,10800
20,50,8400,10600
20,50,10800,26100
20,50,8300,10500
20,50,7900,10300
20,50,7500,10900
20,50,7300,10500
20,50,7600,10400
20,50,7000,10200
20,50,7000,10500
20,50,7300,12700
20,50,7300,10400
20,50,28700,10800
20,50,7600,10900
20,50,35300,11000
20,50,7500,10300
20,50,7200,10500
20,50,7900,10500
20,50,7900,10700
20,50,18600,27700
20,50,8300,10800
20,50,7700,10600
20,50,7900,10900
20,50,9000,10300
20,50,7400,10900
20,50,7200,10600
20,50,7500,10700
20,50,7000,10200
20,50,7300,10500
20,50,8000,10500
20,50,7600,10400
20,75,8700,11400
20,75,8300,11000
20,75,8400,12300
20,75,8400,11500
20,75,8900,11200
20,75,34500,11400
20,75,8900,11500
20,75,9400,12000
20,75,9600,11800
20,75,8800,11100
20,75,9900,11100
20,75,9400,11400
20,75,8900,11400
20,75,8700,11400
20,75,8700,11100
20,75,10000,11000
20,75,8600,11500
20,75,8300,10600
20,75,29700,11300
20,75,9600,11500
20,75,9100,12500
20,75,9400,11000
20,75,9800,11200
20,75,9100,11600
20,75,8000,11000
20,75,8500,12700
20,75,8500,11100
20,75,8700,11100
20,75,8300,10700
20,75,8400,11100
20,75,8700,11000
20,75,8400,11100
20,75,8600,25600
20,75,50600,11300
20,75,9200,11100
20,75,9700,11200
20,75,9500,11000
20,75,8400,10800
20,75,10100,11300
20,75,8500,11100
20,75,8700,11000
20,75,8400,11300
20,75,8600,10600
20,75,9900,11000
20,75,14000,11400
20,75,8700,11100
20,75,8900,17000
20,75,11500,11600
20,75,9600,84800
20,75,9600,11700
20,75,10000,11300
20,75,8500,11600
20,75,9100,11200
20,75,8600,12300
20,75,8600,11400
20,75,9700,11900
20,75,9400,11800
20,75,8600,11500
20,75,8800,11300
20,75,8900,11500
20,75,9100,11200
20,75,9700,11600
20,75,9400,11600
20,75,10100,11700
20,75,9700,11400
20,75,8500,11400
20,75,9800,11700
20,75,8800,11300
20,75,8600,11500
20,75,8300,11300
20,75,8700,11400
20,75,9900,11200
20,75,8700,11100
20,75,8600,11600
20,75,17900,21700
20,75,10300,12100
20,75,11400,12100
20,75,10600,12200
20,75,10200,11400
20,75,8600,11200
20,75,9500,11400
20,75,8600,12600
20,75,8700,11400
20,75,8500,11200
20,75,8500,11000
20,75,8400,11000
20,75,8800,18600
20,75,8100,10800
20,75,9000,10800
20,75,9400,11200
20,75,9100,11500
20,75,9700,11300
20,75,10200,11300
20,75,9100,11300
20,75,10300,11600
20,75,8700,11200
20,75,8500,11000
20,75,8600,10800
20,75,8200,10900
20,75,10800,11500
20,99,17700,11900
20,99,12000,11100
20,99,10500,10600
20,99,11500,10700
20,99,10700,10800
20,99,9600,10300
20,99,9300,10400
20,99,10500,10400
20,99,8800,10700
20,99,10100,10900
20,99,9500,10500
20,99,10500,10800
20,99,9500,10700
20,99,14600,10500
20,99,11200,10900
20,99,11100,10700
20,99,9700,10500
20,99,9100,10600
20,99,8800,10500
20,99,11000,11300
20,99,11100,12500
20,99,9500,10600
20,99,9200,11300
20,99,10100,11000
20,99,10600,11000
20,99,10000,11100
20,99,11200,11000
20,99,11300,10700
20,99,9500,10700
20,99,10200,10800
20,99,9400,10900
20,99,9300,10800
20,99,9700,10900
20,99,9700,11200
20,99,9900,11300
20,99,10100,11300
20,99,10800,12800
20,99,11100,11100
20,99,10900,11000
20,99,20200,22800
20,99,15100,20900
20,99,15000,15200
20,99,12000,14500
20,99,10800,11300
20,99,9400,12900
20,99,9500,11200
20,99,9700,11000
20,99,9300,10500
20,99,10500,12400
20,99,10700,11700
20,99,9900,10900
20,99,11400,11300
20,99,10100,12300
20,99,10100,11000
20,99,9700,11000
20,99,9700,11000
20,99,10400,10800
20,99,9300,10700
20,99,9800,11200
20,99,10600,11000
20,99,12100,11200
20,99,10500,21200
20,99,11100,11100
20,99,10300,10700
20,99,11400,11100
20,99,10000,11400
20,99,9500,11000
20,99,9700,11000
20,99,12400,11400
20,99,9200,10800
20,99,9000,12400
20,99,10700,11100
20,99,12200,11300
20,99,11600,11200
20,99,9900,10900
20,99,11400,11000
20,99,10600,10900
20,99,9700,11200
20,99,10300,11300
20,99,9600,10800
20,99,9300,11000
20,99,8900,10600
20,99,10200,10800
20,99,11900,11900
20,99,11400,11100
20,99,10000,10800
20,99,10200,11100
20,99,10500,11600
20,99,10100,10900
20,99,10700,11000
20,99,10000,11600
20,99,10900,10800
20,99,9000,11100
20,99,10600,11100
20,99,9500,11100
20,99,10600,10400
20,99,11000,10900
20,99,10200,10700
20,99,10000,10700
20,99,9600,11000
30,25,15400,20400
30,25,18600,20800
30,25,14600,19400
30,25,15100,19600
30,25,15500,21400
30,25,40900,21200
30,25,18900,23100
30,25,16500,21300
30,25,15900,20000
30,25,16600,20000
30,25,16500,21000
30,25,15600,26100
30,25,15500,19600
30,25,14900,20600
30,25,14800,28800
30,25,14600,21400
30,25,14700,20600
30,25,14700,19400
30,25,14700,19100
30,25,15300,20800
30,25,14800,19400
30,25,14500,19100
30,25,15000,20700
30,25,30400,23500
30,25,15800,20000
30,25,15500,21100
30,25,29300,19900
30,25,15500,19600
30,25,15400,19200
30,25,14600,18800
30,25,14700,19600
30,25,15200,19400
30,25,14900,19100
30,25,15800,19400
30,25,15300,20000
30,25,14500,19800
30,25,14600,19400
30,25,15000,21400
30,25,20300,19600
30,25,15500,19800
30,25,16000,25200
30,25,16100,19700
30,25,17000,19800
30,25,14500,19700
30,25,14900,19300
30,25,14700,19200
30,25,14600,19300
30,25,16500,19400
30,25,16000,19600
30,25,14500,19000
30,25,15800,18900
30,25,17000,20000
30,25,14300,18900
30,25,16300,25500
30,25,15800,19600
30,25,20800,32700
30,25,16500,19300
30,25,25000,20000
30,25,18600,21300
30,25,16600,19400
30,25,14900,19100
30,25,14900,19400
30,25,15900,18600
30,25,14700,19800
30,25,14500,19400
30,25,16000,19800
30,25,14000,18700
30,25,14400,18900
30,25,15900,18900
30,25,14500,19300
30,25,15500,19100
30,25,16800,19000
30,25,15400,19300
30,25,16000,29500
30,25,17300,19400
30,25,14300,18800
30,25,14500,18900
30,25,17400,19800
30,25,14400,18800
30,25,14300,18800
30,25,14400,20400
30,25,14200,18900
30,25,14300,18700
30,25,14600,20600
30,25,14200,18800
30,25,15300,19100
30,25,16100,20800
30,25,15300,19200
30,25,15800,18900
30,25,16100,21000
30,25,15700,19000
30,25,14800,19100
30,25,14300,20000
30,25,14800,18700
30,25,14400,18900
30,25,14400,20000
30,25,14500,18600
30,25,13500,18300
30,25,14500,20100
30,25,14700,18900
30,50,18200,24100
30,50,18500,24900
30,50,18900,24200
30,50,18400,27700
30,50,17400,24300
30,50,17200,24500
30,50,17600,24800
30,50,16800,23800
30,50,16900,25700
30,50,19300,24700
30,50,19800,24600
30,50,20500,25000
30,50,17700,24200
30,50,17300,24500
30,50,18600,24500
30,50,16400,24200
30,50,17700,23900
30,50,18800,24000
30,50,17500,24700
30,50,18500,57800
30,50,21200,24800
30,50,18400,24200
30,50,17200,24000
30,50,17300,24900
30,50,17600,23700
30,50,18200,23900
30,50,16900,23900
30,50,17800,23900
30,50,19800,28000
30,50,19800,24700
30,50,16700,25100
30,50,16600,24000
30,50,31400,23900
30,50,16700,23800
30,50,16400,23400
30,50,17000,25800
30,50,24700,25800
30,50,48000,38400
30,50,19000,24700
30,50,17200,24000
30,50,17300,24300
30,50,17300,25700
30,50,17100,24300
30,50,16800,24000
30,50,26100,23700
30,50,18900,25000
30,50,19100,26100
30,50,23500,24000
30,50,30100,44900
30,50,17700,24000
30,50,17200,24800
30,50,17600,24600
30,50,16700,25200
30,50,17700,24000
30,50,19400,24700
30,50,20100,28800
30,50,24800,24200
30,50,17800,25800
30,50,18800,24000
30,50,16700,23700
30,50,17400,24400
30,50,17100,24200
30,50,17700,24100
30,50,20300,24300
30,50,19900,24900
30,50,18300,24900
30,50,17300,24800
30,50,17300,24900
30,50,17800,25700
30,50,19600,24000
30,50,17300,24900
30,50,18300,24400
30,50,18900,25200
30,50,29300,24500
30,50,19000,24600
30,50,19200,23700
30,50,17300,23600
30,50,17600,24400
30,50,17000,24100
30,50,17500,25300
30,50,18900,24900
30,50,19300,25100
30,50,19100,24200
30,50,17300,25100
30,50,17600,25200
30,50,19800,25600
30,50,17300,24800
30,50,17500,25000
30,50,18600,25000
30,50,19300,24400
30,50,20000,26500
30,50,18200,24300
30,50,17300,24900
30,50,18300,24400
30,50,17300,25200
30,50,17000,24900
30,50,19400,25100
30,50,19000,25100
30,50,19000,39400
30,50,20300,25200
30,75,20400,25600
30,75,30200,26100
30,75,19200,25900
30,75,19200,25000
30,75,23400,26500
30,75,24200,28600
30,75,54500,39300
30,75,19100,25800
30,75,21800,26100
30,75,20000,26300
30,75,22300,24800
30,75,23300,24800
30,75,22400,25200
30,75,23500,25100
30,75,18700,27700
30,75,19900,28300
30,75,21300,28900
30,75,22600,28500
30,75,19600,27700
30,75,18200,24000
30,75,19300,27400
30,75,19400,24800
30,75,22100,28100
30,75,29800,28600
30,75,20100,28300
30,75,19200,24500
30,75,22800,44200
30,75,23200,26700
30,75,41900,42500
30,75,21800,24900
30,75,23500,35400
30,75,19400,26300
30,75,20000,29500
30,75,19500,25900
30,75,26200,34700
30,75,23500,25200
30,75,22900,29200
30,75,20300,24700
30,75,21300,25800
30,75,19500,27300
30,75,28900,29500
30,75,32600,31100
30,75,29000,57700
30,75,22100,26000
30,75,19400,26000
30,75,20200,28900
30,75,19300,25100
30,75,21500,39600
30,75,21900,27000
30,75,23200,25200
30,75,19300,28000
30,75,19100,24900
30,75,18900,26500
30,75,20300,29800
30,75,21800,27300
30,75,24900,25900
30,75,21000,28200
30,75,20800,25900
30,75,18600,25000
30,75,19800,28100
30,75,20500,24300
30,75,22200,27800
30,75,19100,24900
30,75,19300,27700
30,75,19600,25300
30,75,19000,24600
30,75,64000,42000
30,75,22400,25800
30,75,20000,24700
30,75,19500,27600
30,75,18600,24600
30,75,19700,24800
30,75,22300,27700
30,75,22300,25300
30,75,19900,25700
30,75,19200,29200
30,75,18500,26000
30,75,21800,28300
30,75,21900,24600
30,75,25200,25000
30,75,20000,27500
30,75,18700,24800
30,75,19800,25500
30,75,19100,27500
30,75,21400,25500
30,75,21600,25300
30,75,21400,28900
30,75,19300,24600
30,75,19200,24700
30,75,20300,28400
30,75,20400,25100
30,75,23000,24900
30,75,20200,28100
30,75,18500,24800
30,75,19000,24900
30,75,19700,28000
30,75,59500,46700
30,75,22600,26900
30,75,21200,29100
30,75,34700,25700
30,99,20700,25800
30,99,41400,38200
30,99,23800,24400
30,99,22800,27100
30,99,20700,23500
30,99,20400,23700
30,99,24700,26600
30,99,22700,25600
30,99,21600,30100
30,99,21700,27200
30,99,20800,23800
30,99,24200,24400
30,99,24300,28200
30,99,30400,255700
30,99,21800,25200
30,99,21900,27300
30,99,42700,24300
30,99,30600,24500
30,99,21100,26800
30,99,21400,24600
30,99,36300,39600
30,99,25100,26200
30,99,23800,28100
30,99,21500,24500
30,99,22400,24300
30,99,23300,27600
30,99,23900,24900
30,99,23000,24200
30,99,22500,29000
30,99,21000,24300
30,99,23500,24700
30,99,27100,27100
30,99,21600,24900
30,99,22200,27900
30,99,23300,25400
30,99,26000,30200
30,99,24300,25800
30,99,22600,27200
30,99,21500,24400
30,99,23000,27700
30,99,25300,25100
30,99,23400,24600
30,99,23300,27900
30,99,22400,25700
30,99,22700,24600
30,99,24600,27600
30,99,22500,24300
30,99,21000,24500
30,99,21600,27000
30,99,24400,24900
30,99,25100,35500
30,99,32700,40700
30,99,21200,26100
30,99,21200,24600
30,99,40300,26900
30,99,27700,35600
30,99,26700,25700
30,99,20600,24100
30,99,21000,27000
30,99,24700,24000
30,99,22700,24000
30,99,22100,24700
30,99,21900,27000
30,99,22400,25500
30,99,23700,23700
30,99,21100,26800
30,99,20900,24400
30,99,20200,24200
30,99,23500,27200
30,99,24400,26600
30,99,21900,24000
30,99,21200,23700
30,99,20600,26400
30,99,23700,24400
30,99,24400,24400
30,99,22300,24100
30,99,23400,29200
30,99,21700,23300
30,99,34000,69200
30,99,23000,26600
30,99,20900,23800
30,99,20900,23500
30,99,22100,26200
30,99,23600,26000
30,99,27500,23800
30,99,20400,24400
30,99,25900,34500
30,99,21800,24200
30,99,27700,24200
30,99,22200,25100
30,99,20900,26700
30,99,34700,28500
30,99,23400,28500
30,99,23800,27800
30,99,25600,28300
30,99,22300,23900
30,99,21000,28200
30,99,21100,24200
30,99,23500,24300
30,99,29300,32600
40,25,22900,34900
40,25,21500,30100
40,25,21700,29500
40,25,21700,29700
40,25,23400,30000
40,25,21500,31100
40,25,23400,29700
40,25,23400,31600
40,25,43600,29800
40,25,33900,41300
40,25,21300,30100
40,25,20500,28900
40,25,19900,29200
40,25,20800,29100
40,25,20300,30500
40,25,20600,28800
40,25,23400,29700
40,25,22400,28900
40,25,21300,29700
40,25,20500,30200
40,25,20200,31200
40,25,28100,42200
40,25,22100,29700
40,25,21700,28600
40,25,21300,48900
40,25,22600,29600
40,25,23000,29500
40,25,22000,29600
40,25,20400,30100
40,25,20400,28600
40,25,21700,28900
40,25,19700,28800
40,25,19700,28500
40,25,35200,29000
40,25,60900,65600
40,25,22600,30400
40,25,21200,29100
40,25,21500,28700
40,25,20600,29100
40,25,21000,72600
40,25,19800,28800
40,25,20800,28800
40,25,21500,29900
40,25,20000,28500
40,25,21900,28900
40,25,20800,28600
40,25,20800,29100
40,25,20200,29300
40,25,19400,31200
40,25,19900,29700
40,25,20900,28800
40,25,21800,37000
40,25,20300,28500
40,25,19900,28400
40,25,20800,29200
40,25,25300,30400
40,25,20400,30200
40,25,20000,28300
40,25,21800,28700
40,25,21400,30100
40,25,20500,28300
40,25,20300,28900
40,25,20600,31700
40,25,20300,29400
40,25,19300,27200
40,25,21400,27900
40,25,19800,27700
40,25,19900,27300
40,25,19500,27700
40,25,19300,27500
40,25,19100,29100
40,25,19300,27600
40,25,41700,40700
40,25,19400,28000
40,25,19800,27800
40,25,18900,27200
40,25,49500,70300
40,25,19900,65500
40,25,19500,27600
40,25,20300,27300
40,25,19200,27500
40,25,19900,27900
40,25,19400,27200
40,25,19400,27700
40,25,19100,28300
40,25,19200,27200
40,25,20500,27200
40,25,19300,27800
40,25,19600,27800
40,25,18700,26800
40,25,20400,30300
40,25,19300,28800
40,25,20000,27600
40,25,20500,27800
40,25,20000,27500
40,25,18800,26700
40,25,19600,27800
40,25,19300,27500
40,25,19200,29500
40,25,19100,27500
40,50,22400,34800
40,50,23200,36100
40,50,23600,36200
40,50,23400,37700
40,50,23500,39900
40,50,25000,35800
40,50,25100,45600
40,50,23100,36000
40,50,22300,35400
40,50,23200,35900
40,50,22800,35700
40,50,23300,35300
40,50,22500,35600
40,50,22500,35700
40,50,23500,36900
40,50,22900,36900
40,50,24600,36600
40,50,24600,36400
40,50,23300,37600
40,50,23700,35800
40,50,22900,35800
40,50,23500,36400
40,50,22700,36100
40,50,23300,35600
40,50,23300,36600
40,50,23000,37600
40,50,25200,36800
40,50,24100,35700
40,50,23100,35800
40,50,23300,36400
40,50,23100,35800
40,50,22700,35300
40,50,22800,37900
40,50,24200,36500
40,50,23100,36100
40,50,23200,36900
40,50,23600,37000
40,50,24800,36300
40,50,25400,35700
40,50,22800,36800
40,50,36000,37500
40,50,22700,35200
40,50,21800,35100
40,50,23100,36600
40,50,23100,35600
40,50,23300,35900
40,50,23100,39600
40,50,22200,36100
40,50,24200,35500
40,50,22600,35600
40,50,22900,36600
40,50,22700,35200
40,50,22400,35200
40,50,23500,35900
40,50,30100,36600
40,50,53300,73600
40,50,22200,36800
40,50,22600,36500
40,50,24300,36200
40,50,24100,36000
40,50,23500,38600
40,50,22800,36000
40,50,23100,35800
40,50,22800,34800
40,50,23300,37000
40,50,22500,34700
40,50,22800,35900
40,50,22700,37100
40,50,32400,48800
40,50,24200,35000
40,50,73100,96600
40,50,42200,71400
40,50,23400,36300
40,50,23300,36000
40,50,23300,45100
40,50,24300,38800
40,50,22500,35500
40,50,23800,36000
40,50,23000,36700
40,50,24600,35700
40,50,24500,35500
40,50,23200,36900
40,50,22900,35300
40,50,25500,35800
40,50,22500,36800
40,50,24400,36400
40,50,22700,35500
40,50,24000,36200
40,50,23400,39600
40,50,74200,51100
40,50,23400,35400
40,50,24200,36000
40,50,27200,44600
40,50,24000,43800
40,50,24000,39700
40,50,23500,35900
40,50,23100,35800
40,50,24200,35700
40,50,22800,35300
40,50,23300,36700
40,75,26500,36800
40,75,28900,40300
40,75,26900,37600
40,75,27800,37600
40,75,30100,40700
40,75,27400,37500
40,75,28300,37700
40,75,29100,39900
40,75,27200,37600
40,75,27800,38400
40,75,28900,40500
40,75,26800,38000
40,75,26900,36600
40,75,26800,40400
40,75,27700,36600
40,75,26700,36600
40,75,26800,41000
40,75,26500,36200
40,75,25900,35800
40,75,29200,40400
40,75,26900,39100
40,75,31800,36600
40,75,26900,40800
40,75,25700,35900
40,75,26700,37400
40,75,25800,41200
40,75,26600,37200
40,75,29000,37200
40,75,26500,39200
40,75,28300,37100
40,75,28600,36800
40,75,25600,39300
40,75,27100,37000
40,75,27800,37000
40,75,26700,38600
40,75,26400,36700
40,75,28200,36600
40,75,28300,39700
40,75,26700,37100
40,75,26400,39900
40,75,38600,36700
40,75,26100,36100
40,75,26700,41000
40,75,26200,36400
40,75,26400,36300
40,75,26900,40200
40,75,26300,36800
40,75,30500,37600
40,75,26700,40500
40,75,25900,36300
40,75,25800,35500
40,75,26400,40400
40,75,26400,38600
40,75,28100,39100
40,75,27000,37100
40,75,27200,39400
40,75,27900,37000
40,75,27200,36800
40,75,26900,39500
40,75,29200,37000
40,75,27700,37200
40,75,26700,40200
40,75,27900,37500
40,75,26800,36500
40,75,27200,39300
40,75,26700,37900
40,75,26600,36600
40,75,29400,36600
40,75,26300,37600
40,75,48300,40300
40,75,27600,37000
40,75,25600,39600
40,75,26700,37000
40,75,27200,37400
40,75,27200,41100
40,75,26400,36500
40,75,27000,36900
40,75,36400,41000
40,75,27200,36700
40,75,27700,36000
40,75,26800,39200
40,75,26400,36700
40,75,29000,39800
40,75,27300,37100
40,75,27500,39300
40,75,29100,37800
40,75,27300,37000
40,75,27900,40200
40,75,29200,39300
40,75,34600,37300
40,75,26700,39700
40,75,27100,38500
40,75,27000,37000
40,75,26200,40500
40,75,32000,40100
40,75,29800,39100
40,75,31600,38400
40,75,29400,39900
40,75,28100,41100
40,75,43600,54600
40,99,51000,67800
40,99,34800,36700
40,99,32000,36500
40,99,31300,38900
40,99,33100,36800
40,99,34300,41300
40,99,34500,36800
40,99,33800,36100
40,99,31900,35500
40,99,33400,40000
40,99,31700,37100
40,99,30600,35100
40,99,29900,34900
40,99,30700,37500
40,99,29400,34500
40,99,30600,36700
40,99,29400,34900
40,99,31900,38100
40,99,29800,33900
40,99,29800,34000
40,99,30700,34900
40,99,29600,36400
40,99,30200,34600
40,99,30300,35000
40,99,30000,33800
40,99,32200,36000
40,99,30900,36100
40,99,32000,35500
40,99,30800,34800
40,99,30200,37600
40,99,30100,34800
40,99,29700,34500
40,99,29900,34300
40,99,30000,37900
40,99,29700,34800
40,99,29900,35700
40,99,30300,49900
40,99,47200,38400
40,99,30900,34500
40,99,29800,34200
40,99,29800,34700
40,99,30100,37700
40,99,29500,34300
40,99,29900,35000
40,99,29800,34700
40,99,29600,38700
40,99,29900,36000
40,99,30900,34300
40,99,31500,34800
40,99,30300,37500
40,99,30600,34700
40,99,28800,34200
40,99,30500,34900
40,99,30200,37000
40,99,30500,35000
40,99,29900,46900
40,99,31300,36100
40,99,31300,36900
40,99,31600,34200
40,99,29200,35200
40,99,29900,34600
40,99,29800,37500
40,99,29500,35000
40,99,29500,34200
40,99,29500,34100
40,99,30900,38500
40,99,29700,35600
40,99,30200,47500
40,99,30500,35000
40,99,30200,37300
40,99,29800,34800
40,99,30000,34700
40,99,29000,34200
40,99,33300,38800
40,99,30100,34300
40,99,30700,35100
40,99,32500,37700
40,99,32900,39700
40,99,33000,36100
40,99,30700,35200
40,99,32300,36700
40,99,47800,40100
40,99,31900,35800
40,99,32400,36300
40,99,30300,34900
40,99,30600,37300
40,99,30100,35900
40,99,30900,36700
40,99,31400,35100
40,99,29900,37600
40,99,30200,34100
40,99,31100,35000
40,99,31100,34500
40,99,29200,37000
40,99,30200,34400
40,99,29700,33900
40,99,29800,34200
40,99,30600,141600
40,99,32100,35500
40,99,30300,36200
50,25,26200,39600
50,25,26700,43100
50,25,26800,39500
50,25,39100,40200
50,25,26200,38900
50,25,25800,39200
50,25,38000,39100
50,25,25600,38300
50,25,26000,40500
50,25,26500,41800
50,25,25700,38300
50,25,27500,39300
50,25,26500,39000
50,25,26000,39700
50,25,25800,38400
50,25,26500,40500
50,25,26000,43300
50,25,26000,40900
50,25,27000,38300
50,25,25800,38700
50,25,29000,40400
50,25,26700,47200
50,25,26400,38800
50,25,27700,41800
50,25,26500,38600
50,25,27400,38800
50,25,25700,38200
50,25,25900,40500
50,25,43100,55000
50,25,26400,41700
50,25,27000,39000
50,25,27000,39400
50,25,25400,39700
50,25,25600,38500
50,25,25900,38800
50,25,27900,39400
50,25,25800,41600
50,25,27300,39300
50,25,26300,48600
50,25,25700,51600
50,25,26800,39100
50,25,25400,38400
50,25,27400,39000
50,25,25500,41200
50,25,25900,40000
50,25,75100,89500
50,25,26000,40000
50,25,26000,38800
50,25,26500,39800
50,25,27000,39000
50,25,25400,40800
50,25,26200,42200
50,25,25600,38800
50,25,25700,38800
50,25,28000,39000
50,25,64600,52400
50,25,26700,40500
50,25,26000,41300
50,25,25800,40100
50,25,26400,39400
50,25,26000,38300
50,25,27400,40600
50,25,26400,38600
50,25,25600,39500
50,25,26500,42100
50,25,26200,38800
50,25,26900,38900
50,25,128000,113000
50,25,27400,39400
50,25,26700,39900
50,25,26600,40600
50,25,25900,41500
50,25,25900,74100
50,25,28100,39400
50,25,26100,39700
50,25,25500,40200
50,25,26500,39400
50,25,25800,39400
50,25,58700,41800
50,25,26300,39500
50,25,38000,38800
50,25,26100,38600
50,25,26400,40000
50,25,25300,38700
50,25,26800,39100
50,25,26800,40600
50,25,25800,38800
50,25,25900,40200
50,25,25800,39300
50,25,26400,40300
50,25,26500,39300
50,25,25900,38600
50,25,27400,41800
50,25,26300,39600
50,25,26000,40000
50,25,25900,39100
50,25,25700,38700
50,25,28200,39200
50,25,26300,38700
50,25,26400,43300
50,50,32100,52400
50,50,33000,121800
50,50,31600,51400
50,50,32700,52800
50,50,34300,52900
50,50,30600,55100
50,50,32800,51600
50,50,33600,52400
50,50,31700,51200
50,50,34200,51500
50,50,31300,53100
50,50,33000,51300
50,50,31300,53900
50,50,31800,52000
50,50,38400,54200
50,50,33200,54500
50,50,32800,55700
50,50,32600,52300
50,50,32800,52300
50,50,33400,52100
50,50,33200,51400
50,50,33600,57300
50,50,40000,58900
50,50,35900,59200
50,50,32400,52500
50,50,33900,53200
50,50,33200,54800
50,50,32000,55700
50,50,32300,53000
50,50,32400,53800
50,50,33500,52000
50,50,32900,52000
50,50,32300,56000
50,50,32300,52200
50,50,31400,51600
50,50,31400,52100
50,50,33000,51600
50,50,32200,53700
50,50,31000,54800
50,50,31300,51000
50,50,32600,51700
50,50,46400,52100
50,50,31200,52000
50,50,32800,52300
50,50,31200,53900
50,50,31600,51300
50,50,42700,59200
50,50,33200,51300
50,50,31500,52600
50,50,31400,54000
50,50,31000,51100
50,50,32200,51800
50,50,32700,53700
50,50,32100,53100
50,50,31600,51700
50,50,31600,55100
50,50,32200,52700
50,50,33400,52600
50,50,31900,53600
50,50,33100,50800
50,50,44200,60300
50,50,31300,51000
50,50,31400,58600
50,50,33200,52200
50,50,31600,53000
50,50,32300,54900
50,50,31800,54300
50,50,31100,51300
50,50,33900,51500
50,50,32100,53900
50,50,31400,52000
50,50,32600,51700
50,50,32400,54500
50,50,33500,51900
50,50,32400,52800
50,50,32900,52400
50,50,32300,51800
50,50,40800,54200
50,50,32200,52400
50,50,40000,52500
50,50,41600,53600
50,50,32200,52700
50,50,32200,51900
50,50,31900,54100
50,50,33700,52300
50,50,31200,53100
50,50,33600,52800
50,50,32100,52000
50,50,43700,57200
50,50,33600,54400
50,50,32200,52500
50,50,31900,52500
50,50,37600,64700
50,50,32200,52000
50,50,32200,52000
50,50,32900,53800
50,50,36900,53700
50,50,31900,51300
50,50,32500,52500
50,50,32000,51500
50,75,38600,53400
50,75,39300,55600
50,75,38300,55700
50,75,38100,51900
50,75,36100,50500
50,75,38000,52400
50,75,37400,54500
50,75,37400,53800
50,75,38800,52200
50,75,37300,51900
50,75,38500,52300
50,75,39800,52700
50,75,41600,72200
50,75,45400,54500
50,75,37400,52800
50,75,37200,53200
50,75,37900,51900
50,75,38900,57900
50,75,39200,52300
50,75,36800,52300
50,75,38400,52900
50,75,38400,52900
50,75,38600,54400
50,75,39700,56200
50,75,36200,58500
50,75,37400,51800
50,75,38200,53700
50,75,38900,52600
50,75,37000,52500
50,75,39800,139700
50,75,37400,52500
50,75,37100,53600
50,75,39500,52900
50,75,37600,52500
50,75,37900,55100
50,75,37400,52600
50,75,38100,54600
50,75,38700,52500
50,75,38300,53100
50,75,37000,52600
50,75,37900,55200
50,75,38100,53600
50,75,39100,53200
50,75,36600,51300
50,75,37600,51800
50,75,38500,52900
50,75,38000,55900
50,75,40200,53100
50,75,37700,52600
50,75,38300,52500
50,75,37700,52100
50,75,37800,53100
50,75,38300,54600
50,75,37900,52700
50,75,38100,55200
50,75,38200,52900
50,75,38300,54300
50,75,38700,52100
50,75,38000,55600
50,75,38600,52900
50,75,37500,52700
50,75,37300,54400
50,75,38500,52400
50,75,37400,55400
50,75,37200,52200
50,75,37800,52400
50,75,39700,54700
50,75,38600,52500
50,75,38000,52900
50,75,37200,61100
50,75,36900,53200
50,75,36400,52500
50,75,38700,59700
50,75,37200,52400
50,75,48400,55300
50,75,36400,53800
50,75,40700,52900
50,75,38800,53200
50,75,37400,52300
50,75,51100,87700
50,75,38600,56400
50,75,39100,51900
50,75,36400,51300
50,75,37400,52400
50,75,38200,52500
50,75,37100,53700
50,75,38500,51500
50,75,38000,55800
50,75,37800,52400
50,75,36500,52000
50,75,38000,62400
50,75,39500,52600
50,75,38900,55300
50,75,38700,53300
50,75,37800,51800
50,75,37600,56000
50,75,60800,85700
50,75,37100,52300
50,75,38400,56100
50,75,37400,52600
50,99,43800,48800
50,99,43000,49400
50,99,45300,49400
50,99,42300,50300
50,99,43100,52000
50,99,42900,50200
50,99,42400,48800
50,99,42500,53000
50,99,111600,66200
50,99,42400,51000
50,99,44100,52900
50,99,44100,49900
50,99,43500,50400
50,99,44300,52000
50,99,42100,48600
50,99,44600,49100
50,99,104500,84400
50,99,42000,48800
50,99,42300,53400
50,99,41700,50800
50,99,44700,52800
50,99,42800,50600
50,99,43400,55000
50,99,42900,49200
50,99,42800,53600
50,99,43200,86600
50,99,44000,52400
50,99,44100,49300
50,99,43100,50500
50,99,43000,49500
50,99,45600,49300
50,99,45600,49200
50,99,42800,52000
50,99,42900,53200
50,99,42800,49700
50,99,48100,67200
50,99,42400,49400
50,99,44000,53300
50,99,42700,59500
50,99,42900,50500
50,99,42300,51600
50,99,43000,48700
50,99,43100,48600
50,99,45900,52700
50,99,43500,50200
50,99,46600,628100
50,99,46000,49900
50,99,44400,49200
50,99,44200,52400
50,99,42300,49700
50,99,42800,51400
50,99,45700,49200
50,99,43000,50700
50,99,42900,52100
50,99,42400,50800
50,99,42100,55700
50,99,43800,57000
50,99,42700,51500
50,99,53900,49200
50,99,43000,54700
50,99,43200,49200
50,99,43500,52300
50,99,43200,63400
50,99,42700,51400
50,99,42300,49200
50,99,42800,54000
50,99,42600,49800
50,99,42400,50600
50,99,43900,51800
50,99,41600,50500
50,99,42400,49000
50,99,43300,53600
50,99,42300,49100
50,99,43900,49600
50,99,43600,52700
50,99,43700,49100
50,99,41000,50400
50,99,41900,48500
50,99,42700,51800
50,99,41800,48700
50,99,43300,54000
50,99,45000,49500
50,99,43500,52800
50,99,43300,50700
50,99,43100,54300
50,99,98200,77800
50,99,43900,50400
50,99,45900,58400
50,99,43400,49700
50,99,42400,52200
50,99,44800,49400
50,99,42800,51200
50,99,42400,49800
50,99,54500,63700
50,99,42800,49500
50,99,43500,50700
50,99,43700,53300
50,99,43200,51400
50,99,43500,82800
50,99,43000,53000
60,25,40800,57800
60,25,42200,56100
60,25,39200,58700
60,25,37400,55600
60,25,39000,55600
60,25,37300,60200
60,25,45400,60200
60,25,36400,55900
60,25,37200,55300
60,25,37100,57500
60,25,37300,55500
60,25,36300,55100
60,25,37200,59800
60,25,38300,56100
60,25,37000,56800
60,25,37100,58700
60,25,37600,56300
60,25,36700,58300
60,25,43100,55100
60,25,37100,56200
60,25,38500,57800
60,25,37800,55400
60,25,38500,58300
60,25,50100,56600
60,25,37800,56200
60,25,37900,56600
60,25,36900,56200
60,25,41000,63300
60,25,38200,55500
60,25,37500,56600
60,25,48000,56900
60,25,36200,55400
60,25,38700,59300
60,25,38200,56600
60,25,37200,55600
60,25,38100,61500
60,25,37800,55300
60,25,36000,56000
60,25,36500,59400
60,25,36100,54700
60,25,37200,55800
60,25,129300,131400
60,25,36700,55100
60,25,40500,56200
60,25,38500,58700
60,25,36700,56600
60,25,37100,55900
60,25,37500,56500
60,25,42800,55700
60,25,35700,56500
60,25,38500,58100
60,25,37900,55600
60,25,37000,56500
60,25,37100,62100
60,25,37300,55700
60,25,36300,55200
60,25,37100,57600
60,25,36900,55500
60,25,38400,55800
60,25,106200,76100
60,25,37600,56800
60,25,36700,57500
60,25,39900,55800
60,25,36500,54700
60,25,36500,54800
60,25,36900,61400
60,25,38500,55200
60,25,36800,58400
60,25,37900,59500
60,25,37300,55700
60,25,37000,55100
60,25,37000,60900
60,25,37400,55900
60,25,38100,55600
60,25,40900,57300
60,25,59500,91400
60,25,93600,71700
60,25,46400,59600
60,25,38000,56700
60,25,37500,55600
60,25,38600,59100
60,25,40300,59000
60,25,40000,59300
60,25,39200,65100
60,25,63500,70500
60,25,37600,57600
60,25,51200,103000
60,25,46500,69100
60,25,39600,57500
60,25,45900,58300
60,25,38600,59400
60,25,37900,60800
60,25,36500,54100
60,25,35700,55000
60,25,36500,61100
60,25,38700,56000
60,25,38400,55500
60,25,38600,63200
60,25,38000,57500
60,25,38000,56900
60,50,47000,78700
60,50,52800,74300
60,50,50100,78200
60,50,46700,74500
60,50,46100,90300
60,50,51700,74300
60,50,49100,76300
60,50,48500,73300
60,50,57800,80800
60,50,48100,74000
60,50,49400,75900
60,50,50300,74300
60,50,44800,78200
60,50,50600,75000
60,50,51300,76600
60,50,49600,73900
60,50,46900,81000
60,50,53800,74100
60,50,48400,75900
60,50,45800,75500
60,50,48300,81800
60,50,50800,73400
60,50,55900,89800
60,50,46900,73200
60,50,51900,79700
60,50,57100,75600
60,50,47300,76900
60,50,45100,73100
60,50,48000,83100
60,50,48300,73900
60,50,49800,75800
60,50,48700,75400
60,50,47000,80100
60,50,48900,80600
60,50,49700,77200
60,50,49200,74900
60,50,46000,80200
60,50,48700,73700
60,50,47800,74900
60,50,47900,73600
60,50,48800,80100
60,50,48000,73900
60,50,51500,78100
60,50,48900,73400
60,50,53000,80400
60,50,50500,75800
60,50,60400,77600
60,50,55600,79200
60,50,47000,80000
60,50,50900,73500
60,50,48200,77100
60,50,51300,75900
60,50,49200,80100
60,50,64200,94100
60,50,48000,77900
60,50,45600,73300
60,50,50100,79400
60,50,46700,75100
60,50,47900,76300
60,50,85700,88300
60,50,49400,81100
60,50,53600,72900
60,50,46500,77200
60,50,49500,73100
60,50,47400,79100
60,50,51500,76400
60,50,49200,90100
60,50,45000,74100
60,50,45800,79900
60,50,49300,74300
60,50,50800,76300
60,50,46500,75000
60,50,47700,79600
60,50,48500,74400
60,50,47100,158300
60,50,48900,74100
60,50,61000,79500
60,50,45000,74300
60,50,49500,76500
60,50,48000,74400
60,50,48000,80000
60,50,48100,74800
60,50,63500,77600
60,50,49000,75200
60,50,47300,79800
60,50,57700,73500
60,50,49100,76700
60,50,46600,74200
60,50,46000,80200
60,50,49300,72900
60,50,47700,77100
60,50,47900,74700
60,50,55000,89500
60,50,47900,74300
60,50,50900,92400
60,50,48200,73400
60,50,47200,83700
60,50,45900,75300
60,50,50300,76800
60,50,51700,74300
60,75,54700,80300
60,75,58800,74700
60,75,56800,78600
60,75,66100,74200
60,75,54300,74500
60,75,58900,79700
60,75,54200,74100
60,75,54000,75400
60,75,56200,76800
60,75,57600,73800
60,75,82600,81800
60,75,52800,82300
60,75,52200,74800
60,75,56200,73500
60,75,65800,77500
60,75,54600,74400
60,75,63700,75600
60,75,52900,80100
60,75,56500,73600
60,75,58200,73300
60,75,54800,77400
60,75,56200,76200
60,75,57400,86000
60,75,57000,79800
60,75,54800,74200
60,75,56100,75800
60,75,53000,77200
60,75,56500,74600
60,75,54400,76800
60,75,56500,79000
60,75,58200,76800
60,75,52800,73900
60,75,56500,76500
60,75,59100,75200
60,75,55500,75900
60,75,53900,81100
60,75,67700,75300
60,75,53000,73800
60,75,56400,77800
60,75,69300,125300
60,75,55800,75500
60,75,57600,79500
60,75,53000,74200
60,75,63600,74300
60,75,57600,78200
60,75,58300,74600
60,75,66400,74200
60,75,61200,91900
60,75,55900,75800
60,75,54100,75900
60,75,53800,78000
60,75,58300,74700
60,75,57800,80300
60,75,54800,76700
60,75,54300,73700
60,75,60300,76900
60,75,57500,75100
60,75,55200,74300
60,75,58500,81500
60,75,54100,75300
60,75,77800,104000
60,75,55200,77300
60,75,58200,141800
60,75,58200,73900
60,75,53100,80100
60,75,60100,81200
60,75,58600,74400
60,75,54200,79200
60,75,56100,74700
60,75,69500,74400
60,75,59400,81400
60,75,58200,76600
60,75,54800,75600
60,75,54200,77800
60,75,57200,74400
60,75,58500,74900
60,75,57000,190300
60,75,55500,75100
60,75,56400,73800
60,75,63100,77000
60,75,66100,74400
60,75,54300,81300
60,75,55900,74000
60,75,57500,74400
60,75,55100,77300
60,75,59400,75900
60,75,56000,72300
60,75,54200,77900
60,75,63400,77500
60,75,57200,77500
60,75,57200,89500
60,75,57200,74100
60,75,54800,79900
60,75,71500,74700
60,75,55900,75900
60,75,54400,79400
60,75,55900,74600
60,75,58500,82400
60,75,57900,80200
60,75,54000,76100
60,99,68500,69500
60,99,67700,69800
60,99,65700,70100
60,99,64900,82000
60,99,64700,69800
60,99,65000,71600
60,99,65100,70300
60,99,68500,76300
60,99,65700,70000
60,99,65800,72600
60,99,66000,69900
60,99,65700,75900
60,99,64700,68500
60,99,65600,72800
60,99,64200,70900
60,99,64400,85000
60,99,65000,71700
60,99,67000,70900
60,99,66300,70000
60,99,64400,76500
60,99,64300,69800
60,99,65200,72600
60,99,64400,76900
60,99,64400,76000
60,99,64100,74300
60,99,66600,72600
60,99,68300,70000
60,99,64700,76300
60,99,64700,71600
60,99,63700,70000
60,99,95100,138400
60,99,63200,70500
60,99,71600,76000
60,99,65800,69100
60,99,65400,75000
60,99,66100,68800
60,99,64700,71900
60,99,64300,71000
60,99,66400,78700
60,99,65100,72100
60,99,175600,75800
60,99,71200,69000
60,99,65800,74000
60,99,64400,78300
60,99,64300,71500
60,99,64600,69100
60,99,64300,80600
60,99,69700,72000
60,99,65400,73200
60,99,64200,68200
60,99,65700,77100
60,99,64200,70900
60,99,69700,73500
60,99,62900,68800
60,99,65000,76200
60,99,64700,71000
60,99,66300,74400
60,99,70200,69700
60,99,72200,69700
60,99,64400,70400
60,99,66800,69800
60,99,62800,69800
60,99,67400,76400
60,99,66700,71000
60,99,67700,76500
60,99,67300,72700
60,99,68100,92400
60,99,66200,74300
60,99,63700,69500
60,99,62500,74900
60,99,63500,69300
60,99,64100,73900
60,99,64000,70100
60,99,65800,74500
60,99,64000,68400
60,99,65800,72900
60,99,73100,69600
60,99,63700,75400
60,99,65600,70900
60,99,64800,74000
60,99,64900,72400
60,99,65200,75300
60,99,65300,69100
60,99,67200,73400
60,99,63400,72700
60,99,63100,75500
60,99,65600,75500
60,99,63500,70500
60,99,65700,77800
60,99,67100,71000
60,99,70500,73200
60,99,67200,69100
60,99,66900,75500
60,99,63600,70700
60,99,64300,73200
60,99,64700,71300
60,99,68000,70400
60,99,65300,72500
60,99,69700,69400
60,99,63400,69400
70,25,45500,81900
70,25,43100,69100
70,25,43900,73500
70,25,42300,69700
70,25,42400,67500
70,25,49500,67500
70,25,62100,67700
70,25,43800,67700
70,25,43900,67800
70,25,44200,84200
70,25,42200,76300
70,25,41700,68100
70,25,42300,73400
70,25,42900,68300
70,25,42600,68000
70,25,43500,69800
70,25,44300,68500
70,25,44400,68500
70,25,42300,82400
70,25,41500,68400
70,25,49700,68400
70,25,42800,70500
70,25,43600,67700
70,25,42000,67700
70,25,44400,74500
70,25,43200,67900
70,25,41500,68500
70,25,43700,72300
70,25,42900,67900
70,25,42200,75800
70,25,42100,73600
70,25,43300,68200
70,25,42800,67900
70,25,43900,70800
70,25,42700,69900
70,25,42500,69100
70,25,42000,73000
70,25,42300,67300
70,25,42300,67600
70,25,42500,71300
70,25,43400,77800
70,25,43100,70100
70,25,43300,69800
70,25,48200,70400
70,25,42700,71300
70,25,42400,67500
70,25,43000,71200
70,25,42300,70100
70,25,43700,68000
70,25,44500,73600
70,25,42600,69100
70,25,42600,69000
70,25,44200,72400
70,25,45100,79600
70,25,45000,67600
70,25,43400,68600
70,25,49600,68300
70,25,48200,72100
70,25,41600,70800
70,25,43400,73400
70,25,42600,69800
70,25,43300,67800
70,25,41600,73200
70,25,43300,68400
70,25,43500,67200
70,25,42900,70100
70,25,44300,68900
70,25,42800,79500
70,25,43200,69700
70,25,48600,67800
70,25,42400,68100
70,25,42500,68000
70,25,44800,71000
70,25,57300,80500
70,25,44100,67900
70,25,42000,75000
70,25,42300,69600
70,25,42100,68200
70,25,44000,70800
70,25,49900,78700
70,25,44300,68600
70,25,47500,70100
70,25,50800,69500
70,25,43700,70300
70,25,42700,70000
70,25,56900,72200
70,25,43900,70300
70,25,43500,79700
70,25,44300,76100
70,25,44900,69300
70,25,45300,70000
70,25,44400,74300
70,25,45500,70600
70,25,43100,68600
70,25,42100,73700
70,25,42500,68300
70,25,42200,67600
70,25,44600,70600
70,25,44600,68900
70,25,42400,69200
70,50,54100,98400
70,50,56100,93700
70,50,53900,94900
70,50,54600,95700
70,50,53200,107200
70,50,54800,93100
70,50,55500,106000
70,50,55600,94500
70,50,53500,92800
70,50,54600,96500
70,50,53400,90900
70,50,55700,92700
70,50,54400,93900
70,50,55500,98800
70,50,53900,93800
70,50,53700,94800
70,50,58100,96200
70,50,54100,94000
70,50,56600,106000
70,50,54900,100600
70,50,54700,93000
70,50,54800,90900
70,50,60500,104900
70,50,54400,92500
70,50,53600,93600
70,50,54100,92900
70,50,55700,99400
70,50,55300,91900
70,50,55300,91600
70,50,54800,96500
70,50,54100,105600
70,50,71600,125500
70,50,54200,99300
70,50,55000,107700
70,50,54000,93800
70,50,54100,96900
70,50,54100,93800
70,50,54200,92600
70,50,55100,110200
70,50,54100,94200
70,50,55000,94200
70,50,54900,96900
70,50,54700,92800
70,50,54900,91700
70,50,53400,98800
70,50,53900,92900
70,50,55300,94800
70,50,54300,96100
70,50,56300,93700
70,50,54100,93600
70,50,53500,92300
70,50,54000,100400
70,50,53300,94600
70,50,55100,92900
70,50,56100,97800
70,50,54300,93000
70,50,55400,95000
70,50,53400,100000
70,50,55600,94900
70,50,54600,93700
70,50,55600,116500
70,50,54700,94900
70,50,54300,106600
70,50,56400,99400
70,50,53500,93500
70,50,55200,93700
70,50,53600,95200
70,50,58300,94800
70,50,55600,93100
70,50,54600,94800
70,50,56100,99300
70,50,56300,95100
70,50,53900,96000
70,50,55800,95600
70,50,55100,93000
70,50,56800,92500
70,50,54600,99900
70,50,53400,92900
70,50,53800,105800
70,50,53700,96000
70,50,57400,93500
70,50,55500,114900
70,50,53700,98800
70,50,54400,92500
70,50,53700,95100
70,50,55200,95100
70,50,54200,93700
70,50,54000,92100
70,50,54000,100300
70,50,54800,93300
70,50,60000,94300
70,50,54500,95200
70,50,54100,92500
70,50,54300,94800
70,50,55400,99800
70,50,56000,93800
70,50,53700,93500
70,50,54700,96800
70,50,54400,94200
70,50,59000,93400
70,75,65500,94600
70,75,72600,92800
70,75,136400,93100
70,75,69800,99800
70,75,66500,93800
70,75,76300,106100
70,75,74300,97500
70,75,82400,103100
70,75,73300,101100
70,75,69600,106800
70,75,68400,95300
70,75,67500,98400
70,75,65500,94500
70,75,67100,99500
70,75,67200,93900
70,75,67800,99900
70,75,69000,95700
70,75,67600,102100
70,75,66300,94300
70,75,66300,95000
70,75,66800,179500
70,75,75100,102900
70,75,67200,94000
70,75,66500,96000
70,75,73200,95000
70,75,75900,111000
70,75,65400,94000
70,75,68100,98400
70,75,65300,92400
70,75,66400,100000
70,75,64700,173300
70,75,65900,95300
70,75,65600,95200
70,75,65900,97900
70,75,65100,93100
70,75,77800,96800
70,75,66800,94200
70,75,64600,99700
70,75,91400,93200
70,75,67700,103100
70,75,65500,93500
70,75,64700,100000
70,75,65700,93200
70,75,66000,97300
70,75,78000,95500
70,75,66600,99800
70,75,64800,92800
70,75,65700,97100
70,75,65900,93000
70,75,65200,99000
70,75,64800,95100
70,75,65700,95900
70,75,65800,94800
70,75,65000,99600
70,75,66500,94400
70,75,64900,96500
70,75,66100,94900
70,75,66200,99900
70,75,66700,95800
70,75,67300,100400
70,75,66700,95000
70,75,63800,98500
70,75,67000,94300
70,75,67100,97000
70,75,64900,93400
70,75,73400,137100
70,75,66500,93200
70,75,65300,97200
70,75,63500,93200
70,75,79000,111500
70,75,65000,94100
70,75,64400,97200
70,75,65300,93100
70,75,64200,98400
70,75,62800,93100
70,75,65600,95700
70,75,64600,94700
70,75,140700,112300
70,75,67000,93800
70,75,63500,94300
70,75,63800,94500
70,75,66800,105900
70,75,64300,93400
70,75,69100,97600
70,75,63600,93100
70,75,66500,105600
70,75,65200,94600
70,75,65200,95400
70,75,65500,98200
70,75,64400,99800
70,75,65000,93300
70,75,65500,97000
70,75,65900,94400
70,75,64200,98300
70,75,72000,93400
70,75,68400,94600
70,75,64200,93900
70,75,64900,99000
70,75,77500,94000
70,75,64600,95500
70,99,76400,87200
70,99,76300,93400
70,99,75200,88900
70,99,76700,91000
70,99,74000,85700
70,99,73500,91500
70,99,74200,86000
70,99,138300,89300
70,99,76000,89100
70,99,76100,93600
70,99,76900,90900
70,99,89800,99300
70,99,76400,99500
70,99,75400,94900
70,99,73600,85200
70,99,75400,128800
70,99,73900,85800
70,99,76800,93900
70,99,73700,88500
70,99,90100,102500
70,99,74300,84800
70,99,74900,100000
70,99,73700,91300
70,99,76100,89100
70,99,76300,87600
70,99,74800,94700
70,99,75500,87700
70,99,77800,88600
70,99,74700,86800
70,99,76100,93100
70,99,76900,88100
70,99,75300,88800
70,99,74300,88200
70,99,75200,94500
70,99,94200,86700
70,99,75200,89500
70,99,75000,87300
70,99,76200,93600
70,99,77700,88000
70,99,78500,92500
70,99,74100,87300
70,99,75900,92400
70,99,74000,86200
70,99,77000,90000
70,99,75900,95600
70,99,76600,97800
70,99,75600,86600
70,99,75600,96100
70,99,74300,86800
70,99,73500,91000
70,99,75900,86500
70,99,76200,89200
70,99,77700,92300
70,99,76600,92200
70,99,76400,95300
70,99,75400,90900
70,99,74300,87000
70,99,75800,90600
70,99,79800,89600
70,99,79800,90000
70,99,76900,86800
70,99,75400,96300
70,99,74700,87400
70,99,75200,89600
70,99,74600,84900
70,99,75000,91400
70,99,77400,87200
70,99,77600,90100
70,99,75700,86100
70,99,76600,95100
70,99,75900,89000
70,99,74500,104400
70,99,75100,86600
70,99,74300,92200
70,99,74400,86500
70,99,77500,90100
70,99,75700,85400
70,99,74400,93900
70,99,73600,87400
70,99,75100,89400
70,99,78200,87300
70,99,75600,92800
70,99,76100,86600
70,99,75600,88900
70,99,77500,87600
70,99,75300,96300
70,99,73600,86100
70,99,75000,89000
70,99,76800,88600
70,99,79000,117200
70,99,80900,89100
70,99,77200,90500
70,99,75300,87800
70,99,79000,86700
70,99,74600,86100
70,99,73900,89800
70,99,75200,88500
70,99,76300,91900
70,99,76200,86500
70,99,74200,91900
80,25,51800,85900
80,25,58700,95900
80,25,65000,86000
80,25,53000,100800
80,25,51700,91600
80,25,53200,95400
80,25,53700,85500
80,25,52800,89600
80,25,54700,87300
80,25,53700,91000
80,25,53500,85700
80,25,55600,89400
80,25,53500,86500
80,25,53300,90600
80,25,52000,84500
80,25,56500,88600
80,25,52600,89400
80,25,54300,91600
80,25,50900,85300
80,25,66000,88900
80,25,51800,84600
80,25,56900,92300
80,25,51500,85000
80,25,54200,89400
80,25,52300,96700
80,25,52200,90000
80,25,52400,86300
80,25,62000,237400
80,25,65300,86800
80,25,54800,92300
80,25,53300,87500
80,25,62200,92300
80,25,52500,86500
80,25,127300,108000
80,25,52700,87300
80,25,55900,90400
80,25,54300,95900
80,25,54100,91500
80,25,53000,99000
80,25,134100,85600
80,25,52200,85700
80,25,51300,90400
80,25,51500,86100
80,25,53000,87900
80,25,53100,87500
80,25,52200,90200
80,25,52400,86100
80,25,52600,88200
80,25,52200,86800
80,25,52900,91500
80,25,52100,86900
80,25,111600,179200
80,25,61400,86900
80,25,51800,141000
80,25,52800,86900
80,25,52400,88000
80,25,53000,84600
80,25,53200,103800
80,25,54700,89500
80,25,52800,85900
80,25,53500,90600
80,25,52800,93600
80,25,56100,88900
80,25,85800,102300
80,25,56300,93100
80,25,52400,86300
80,25,53000,87200
80,25,55100,86700
80,25,60100,85600
80,25,60400,96800
80,25,53700,91500
80,25,52200,87200
80,25,54100,91200
80,25,53700,90100
80,25,53500,88800
80,25,126400,94900
80,25,53300,91200
80,25,51900,89300
80,25,54800,86600
80,25,52600,92600
80,25,55000,86400
80,25,52100,128000
80,25,54300,86100
80,25,52200,91400
80,25,53800,85600
80,25,51900,89700
80,25,66500,98200
80,25,52000,92700
80,25,52300,85600
80,25,52600,90000
80,25,51900,86200
80,25,58400,87100
80,25,51400,85400
80,25,53100,89400
80,25,51200,84300
80,25,52200,92100
80,25,53700,91000
80,25,53000,87300
80,25,52300,91000
80,25,52500,86500
80,50,67700,121000
80,50,67400,204700
80,50,69400,124400
80,50,66100,118000
80,50,67200,120200
80,50,68000,131600
80,50,75300,119200
80,50,66400,118500
80,50,67500,117500
80,50,105400,164300
80,50,70200,124700
80,50,80800,139400
80,50,70000,123700
80,50,78000,130500
80,50,67500,116500
80,50,66900,132100
80,50,66500,123600
80,50,66500,121300
80,50,68500,117100
80,50,67400,125300
80,50,67300,118800
80,50,69600,133200
80,50,65800,118900
80,50,68100,124400
80,50,68800,118000
80,50,67900,122100
80,50,72400,116700
80,50,69600,124100
80,50,75500,121800
80,50,67500,117900
80,50,67500,123600
80,50,175600,118400
80,50,78700,120100
80,50,69700,117800
80,50,67500,122400
80,50,67200,118400
80,50,66700,118700
80,50,72700,120500
80,50,68600,125500
80,50,67200,117700
80,50,68200,120300
80,50,66900,126000
80,50,67100,116900
80,50,69700,120800
80,50,65700,124100
80,50,66400,118400
80,50,68800,121500
80,50,68700,120700
80,50,67900,123500
80,50,67700,117600
80,50,69000,120000
80,50,67800,118900
80,50,68900,123400
80,50,69000,119400
80,50,69900,119200
80,50,69400,122800
80,50,69500,117200
80,50,67700,122000
80,50,68300,119800
80,50,67400,121600
80,50,66700,118400
80,50,67800,121700
80,50,67200,117100
80,50,67000,125200
80,50,67500,118800
80,50,69600,120600
80,50,80200,129900
80,50,84300,119900
80,50,67500,123700
80,50,68700,117100
80,50,67300,124400
80,50,67200,117700
80,50,66700,118100
80,50,67900,126200
80,50,67300,118500
80,50,67600,119200
80,50,67600,120400
80,50,67400,123800
80,50,68900,115900
80,50,69500,123200
80,50,75600,127000
80,50,67900,121600
80,50,67600,121300
80,50,66700,128300
80,50,66800,117600
80,50,69900,123000
80,50,82200,118600
80,50,66800,124300
80,50,71000,127000
80,50,67200,121700
80,50,67800,118900
80,50,67500,122900
80,50,66900,120300
80,50,67300,116400
80,50,67300,124000
80,50,67200,118500
80,50,70000,120800
80,50,68200,117700
80,50,66900,125300
80,50,69100,126000
80,75,80800,123000
80,75,79800,118300
80,75,83200,125100
80,75,82300,118700
80,75,80900,121200
80,75,83000,120200
80,75,83300,131400
80,75,81300,128100
80,75,82600,120500
80,75,85800,118400
80,75,84200,123200
80,75,89200,121300
80,75,83300,122200
80,75,80800,117800
80,75,83600,123900
80,75,82400,120100
80,75,81900,120200
80,75,82100,128400
80,75,82000,124200
80,75,82100,117200
80,75,79900,118300
80,75,84100,119100
80,75,82400,123100
80,75,82900,117900
80,75,80400,120800
80,75,89800,273400
80,75,82700,125600
80,75,82600,117700
80,75,83600,121200
80,75,84700,121600
80,75,98200,127800
80,75,84600,157400
80,75,84600,118700
80,75,82100,118000
80,75,81900,122700
80,75,83800,117500
80,75,82300,120600
80,75,80800,120800
80,75,86600,133800
80,75,82300,118300
80,75,81800,121400
80,75,83100,117900
80,75,83800,124300
80,75,86500,118100
80,75,85400,122000
80,75,92600,118100
80,75,81800,137500
80,75,89800,117600
80,75,83700,120400
80,75,81400,117000
80,75,84900,127500
80,75,82600,120300
80,75,81800,120500
80,75,84400,119300
80,75,81800,123900
80,75,82000,117400
80,75,82000,122000
80,75,153900,211400
80,75,120400,125000
80,75,84700,118300
80,75,82400,120500
80,75,85400,117300
80,75,82200,124400
80,75,81000,121000
80,75,80700,121300
80,75,80500,118100
80,75,80800,170400
80,75,98400,117800
80,75,83100,119800
80,75,81900,135000
80,75,83200,126100
80,75,83000,119300
80,75,80500,120500
80,75,81000,118400
80,75,82500,123900
80,75,92000,117400
80,75,81800,123600
80,75,82700,119500
80,75,79300,122500
80,75,136200,124100
80,75,87500,122300
80,75,83600,118600
80,75,85000,124800
80,75,81400,120600
80,75,82000,123800
80,75,81500,118700
80,75,80500,122900
80,75,84400,118600
80,75,82100,120900
80,75,80900,118800
80,75,83000,126900
80,75,85600,117000
80,75,80300,122900
80,75,82500,119800
80,75,83000,123800
80,75,82800,119500
80,75,82500,121700
80,75,81200,118900
80,75,81400,123900
80,75,87000,118400
80,99,96600,111300
80,99,93800,109100
80,99,97400,114200
80,99,96400,108000
80,99,96700,112000
80,99,95400,109100
80,99,96800,116700
80,99,97600,108600
80,99,99500,114300
80,99,99300,108000
80,99,94700,113800
80,99,93100,110000
80,99,94800,112400
80,99,99600,110800
80,99,94200,114700
80,99,95900,109200
80,99,103400,111400
80,99,96700,112700
80,99,96200,114600
80,99,94700,109600
80,99,97600,110900
80,99,96900,113100
80,99,102300,114000
80,99,97900,111800
80,99,97900,115300
80,99,97100,108300
80,99,97000,117600
80,99,101600,114500
80,99,95100,109300
80,99,97200,115600
80,99,94400,107900
80,99,102500,109900
80,99,108900,110900
80,99,95900,116200
80,99,106000,110200
80,99,100600,125900
80,99,97800,108800
80,99,95200,116900
80,99,94900,108500
80,99,102400,120100
80,99,106300,112000
80,99,98300,116200
80,99,97400,110700
80,99,94500,146800
80,99,98700,109000
80,99,97200,116700
80,99,98100,112300
80,99,96600,121200
80,99,93200,107800
80,99,102700,111300
80,99,94300,109300
80,99,95600,114600
80,99,102200,111800
80,99,97000,114000
80,99,93700,109300
80,99,96600,116400
80,99,96600,107100
80,99,173300,110800
80,99,98800,108500
80,99,101000,115200
80,99,95400,106300
80,99,95600,111300
80,99,97700,109700
80,99,180800,116600
80,99,95100,108900
80,99,105800,111800
80,99,99400,108900
80,99,102900,116400
80,99,96800,113100
80,99,97500,111300
80,99,98700,107700
80,99,99400,115200
80,99,95300,109700
80,99,96500,113500
80,99,99200,109900
80,99,102800,131800
80,99,98800,109700
80,99,97800,113400
80,99,97900,111200
80,99,100100,114900
80,99,96700,109300
80,99,95700,158400
80,99,100000,110500
80,99,99000,109800
80,99,111800,116900
80,99,97100,109600
80,99,97500,111300
80,99,95000,108200
80,99,95100,116700
80,99,99300,111000
80,99,96700,113000
80,99,98800,111300
80,99,104700,114400
80,99,101900,116000
80,99,102500,108700
80,99,99500,113100
80,99,99200,108500
80,99,95300,115100
80,99,103900,109700
80,99,96200,110800
90,25,68000,111700
90,25,79500,116000
90,25,86500,110700
90,25,66800,109600
90,25,72500,112600
90,25,67500,112100
90,25,76400,113000
90,25,78400,114000
90,25,71300,114700
90,25,72800,110900
90,25,82700,114400
90,25,73700,111900
90,25,74700,112100
90,25,73800,115100
90,25,77200,115000
90,25,86600,117400
90,25,72600,110700
90,25,78800,111800
90,25,73500,124200
90,25,74500,115300
90,25,76100,214900
90,25,108900,127100
90,25,87400,120100
90,25,81200,117200
90,25,77300,118800
90,25,76600,133300
90,25,76900,119100
90,25,82100,113500
90,25,77900,114800
90,25,73400,118000
90,25,72300,118000
90,25,74100,111700
90,25,76400,111700
90,25,75600,114200
90,25,91400,138300
90,25,75100,112600
90,25,78100,110400
90,25,87700,113100
90,25,75700,113100
90,25,74500,123600
90,25,75800,113200
90,25,77100,112300
90,25,71600,116000
90,25,75800,112900
90,25,71800,114400
90,25,71800,110500
90,25,77500,111700
90,25,74600,113400
90,25,76300,115000
90,25,74600,114100
90,25,74900,114700
90,25,106900,113200
90,25,74800,112200
90,25,76800,118800
90,25,73500,113100
90,25,72600,120300
90,25,76100,111600
90,25,83300,113200
90,25,76200,113300
90,25,74700,114500
90,25,80400,111900
90,25,137000,186700
90,25,74300,115800
90,25,110300,115200
90,25,74200,113900
90,25,74200,110800
90,25,88000,111900
90,25,74300,114400
90,25,73100,113900
90,25,75400,112700
90,25,75400,111900
90,25,75200,114600
90,25,87100,121700
90,25,75100,117400
90,25,77600,113000
90,25,79500,111300
90,25,89300,115400
90,25,73200,114400
90,25,73000,220000
90,25,73500,117700
90,25,76600,113200
90,25,74400,111800
90,25,76300,114100
90,25,78100,113100
90,25,69300,115500
90,25,76300,112400
90,25,75800,110800
90,25,75000,115100
90,25,73700,117500
90,25,133900,148800
90,25,79000,111500
90,25,71800,116300
90,25,71300,114900
90,25,72200,112300
90,25,77700,111700
90,25,75100,112000
90,25,74900,113400
90,25,72800,113900
90,25,74500,111300
90,25,78200,112300
90,50,97600,163400
90,50,106000,155500
90,50,86300,149900
90,50,106400,153600
90,50,86000,149500
90,50,95100,153500
90,50,87900,152100
90,50,109000,150900
90,50,91100,149100
90,50,195900,154300
90,50,86300,148800
90,50,97800,162500
90,50,87600,150700
90,50,96700,154400
90,50,88000,151600
90,50,90700,151400
90,50,88800,150400
90,50,91900,153100
90,50,89600,150700
90,50,93500,152400
90,50,86700,152400
90,50,89400,159400
90,50,89400,150800
90,50,153000,152700
90,50,89900,151500
90,50,105000,150700
90,50,88600,151400
90,50,92700,162300
90,50,94200,149200
90,50,109600,162800
90,50,87800,149300
90,50,130900,152100
90,50,95900,165700
90,50,91200,152900
90,50,88200,151100
90,50,94800,155400
90,50,87400,147600
90,50,97100,154800
90,50,91800,151900
90,50,92600,154500
90,50,89000,148300
90,50,96300,156300
90,50,87000,149300
90,50,136300,181300
90,50,85600,151500
90,50,93200,151800
90,50,91900,148400
90,50,95800,154200
90,50,92900,148300
90,50,110000,158700
90,50,85500,152800
90,50,94000,151200
90,50,100200,149700
90,50,218800,154200
90,50,85900,271700
90,50,106800,155100
90,50,92200,161000
90,50,97000,155300
90,50,87100,153700
90,50,98700,152500
90,50,88200,149000
90,50,93400,154300
90,50,86000,149100
90,50,92900,155300
90,50,86900,150900
90,50,113000,166600
90,50,94800,162700
90,50,99300,163300
90,50,106800,161200
90,50,113400,173900
90,50,100800,161400
90,50,99700,167300
90,50,95000,163200
90,50,125900,186500
90,50,172100,196500
90,50,163100,267400
90,50,148800,195100
90,50,185900,233500
90,50,139600,221500
90,50,161400,234700
90,50,102100,162200
90,50,166700,266700
90,50,101900,162400
90,50,146000,201200
90,50,99100,164100
90,50,119200,172600
90,50,112000,163900
90,50,111800,176000
90,50,95900,159100
90,50,106000,163600
90,50,98500,184000
90,50,116100,172300
90,50,108600,165700
90,50,97900,166400
90,50,97000,163300
90,50,102200,169400
90,50,94400,164100
90,50,97200,156200
90,50,93900,150300
90,50,95600,160700
90,75,109100,160000
90,75,123700,151700
90,75,104300,151600
90,75,267100,190800
90,75,109900,153000
90,75,110200,154900
90,75,118600,151600
90,75,117800,155200
90,75,103900,154000
90,75,109800,157300
90,75,104000,151100
90,75,111900,151800
90,75,104000,152300
90,75,112100,154900
90,75,105200,149900
90,75,125000,152200
90,75,108700,154300
90,75,111000,152500
90,75,107900,153000
90,75,113100,156700
90,75,111200,157700
90,75,110000,156300
90,75,107900,152700
90,75,112700,157200
90,75,106400,154200
90,75,109400,152000
90,75,106400,155000
90,75,110800,151100
90,75,108100,152600
90,75,115900,154800
90,75,106000,151500
90,75,108000,151500
90,75,104500,153100
90,75,110000,152700
90,75,121800,167700
90,75,187500,248600
90,75,123700,163100
90,75,118600,163800
90,75,115600,152700
90,75,111700,154800
90,75,104800,150900
90,75,111200,154000
90,75,110700,148400
90,75,110600,155400
90,75,108600,152300
90,75,110300,154700
90,75,105800,153700
90,75,118300,163100
90,75,108500,152500
90,75,212000,173400
90,75,107400,152100
90,75,110300,154200
90,75,106200,158900
90,75,110600,151000
90,75,104700,158100
90,75,110300,153700
90,75,111300,148900
90,75,114500,157500
90,75,108000,152800
90,75,110400,155500
90,75,104600,152900
90,75,115000,154500
90,75,106500,148400
90,75,110600,155100
90,75,108300,148600
90,75,119600,156800
90,75,112000,153300
90,75,137700,162600
90,75,111400,159400
90,75,111600,160200
90,75,105100,152200
90,75,107900,164000
90,75,121100,151000
90,75,115600,151200
90,75,107000,154000
90,75,112300,152300
90,75,106300,151000
90,75,109600,156700
90,75,199400,158900
90,75,111100,154500
90,75,160700,154200
90,75,112700,154800
90,75,105200,152000
90,75,110600,154400
90,75,106600,150100
90,75,112200,151800
90,75,112400,153000
90,75,114000,158600
90,75,104900,148600
90,75,109500,153200
90,75,121400,152700
90,75,111800,153900
90,75,105000,152600
90,75,125000,155400
90,75,110200,153100
90,75,116000,155600
90,75,108000,151600
90,75,107500,163400
90,75,111500,152400
90,75,110400,158300
90,99,138500,136400
90,99,129900,141100
90,99,140700,143300
90,99,127400,142700
90,99,123700,179800
90,99,130900,145300
90,99,136800,143000
90,99,137400,144300
90,99,142200,140400
90,99,135200,143200
90,99,125800,142300
90,99,123100,140300
90,99,124200,142600
90,99,122000,140700
90,99,134100,139400
90,99,125800,142100
90,99,130100,144900
90,99,129500,141300
90,99,140200,143500
90,99,143700,156700
90,99,135000,140100
90,99,127500,143500
90,99,128700,139800
90,99,137500,142300
90,99,130100,147400
90,99,123600,137000
90,99,132900,148400
90,99,123900,137900
90,99,127800,142800
90,99,128600,141400
90,99,124800,138200
90,99,131200,147700
90,99,141200,143800
90,99,130900,143200
90,99,121700,139300
90,99,124800,145000
90,99,125000,140300
90,99,141000,142600
90,99,151500,136000
90,99,135100,144500
90,99,139900,141500
90,99,132300,143700
90,99,136200,143700
90,99,130800,144200
90,99,238700,140500
90,99,126900,143700
90,99,127200,142600
90,99,120700,138100
90,99,126000,143200
90,99,127700,173500
90,99,127200,141700
90,99,129600,140500
90,99,124800,139700
90,99,133600,140300
90,99,133600,140900
90,99,123300,141400
90,99,131300,141600
90,99,128400,141500
90,99,121900,136400
90,99,132900,141100
90,99,125100,149700
90,99,124800,142300
90,99,122300,146400
90,99,132500,144200
90,99,123300,135600
90,99,126800,138000
90,99,128700,145700
90,99,125800,140900
90,99,147000,251100
90,99,126300,141200
90,99,129300,142300
90,99,121000,139400
90,99,125500,138300
90,99,132500,141000
90,99,121900,138200
90,99,130800,142700
90,99,125600,141500
90,99,130400,144300
90,99,137400,140400
90,99,127900,193900
90,99,137100,144100
90,99,128300,140400
90,99,123500,142200
90,99,125100,141400
90,99,129400,144800
90,99,130500,142200
90,99,126500,140000
90,99,130500,137000
90,99,141100,143200
90,99,121800,136100
90,99,125000,140000
90,99,134000,141700
90,99,134000,139600
90,99,133200,144800
90,99,135700,145900
90,99,127600,147000
90,99,127600,141100
90,99,127300,139900
90,99,126900,145600
90,99,145500,143300
100,25,85900,130000
100,25,77900,136100
100,25,77800,130600
100,25,91400,147100
100,25,78400,131800
100,25,83200,130500
100,25,79300,132500
100,25,81500,131600
100,25,79300,133900
100,25,80100,132500
100,25,80800,131800
100,25,82200,130600
100,25,87800,134600
100,25,110500,256700
100,25,80000,132100
100,25,93900,132000
100,25,79800,131300
100,25,80600,132500
100,25,80700,132000
100,25,84500,131300
100,25,79000,133000
100,25,81600,133000
100,25,93000,131400
100,25,82500,133100
100,25,80600,132800
100,25,192900,168600
100,25,79600,132100
100,25,92700,133000
100,25,81000,133800
100,25,88500,131900
100,25,80100,134000
100,25,86900,131400
100,25,86400,131100
100,25,88900,130000
100,25,78100,133200
100,25,80800,132700
100,25,78700,131400
100,25,83200,130000
100,25,79500,136000
100,25,80700,133300
100,25,76000,129400
100,25,85800,129200
100,25,81900,134500
100,25,80300,131800
100,25,78500,134300
100,25,83800,130700
100,25,81800,134800
100,25,80500,135200
100,25,77200,133500
100,25,91800,132000
100,25,78800,129000
100,25,83000,134100
100,25,78600,131100
100,25,79700,132600
100,25,79000,132500
100,25,90900,136100
100,25,81200,130600
100,25,82700,129900
100,25,79200,132200
100,25,78400,137900
100,25,179800,143200
100,25,78400,133900
100,25,129800,211400
100,25,79400,141600
100,25,80500,129000
100,25,80900,130700
100,25,77400,131800
100,25,79100,134200
100,25,79000,131800
100,25,78600,139900
100,25,87600,130200
100,25,83900,135600
100,25,81600,131900
100,25,78700,131500
100,25,81600,129200
100,25,77100,132600
100,25,80800,132200
100,25,77800,133300
100,25,79000,132800
100,25,77900,130600
100,25,81200,132400
100,25,78200,130800
100,25,81300,133000
100,25,79200,133600
100,25,86900,131000
100,25,78700,134600
100,25,82200,131800
100,25,80000,130000
100,25,81900,141900
100,25,79400,134500
100,25,92200,132300
100,25,78100,130400
100,25,83200,190100
100,25,81800,133700
100,25,92100,133700
100,25,80000,131500
100,25,79100,133500
100,25,77700,133000
100,25,79900,132300
100,25,81700,130900
100,50,123200,191900
100,50,103900,188500
100,50,102800,182000
100,50,104100,181400
100,50,103000,179000
100,50,106100,181500
100,50,105100,183100
100,50,99700,181100
100,50,117700,184700
100,50,104100,304700
100,50,108300,187300
100,50,101500,182600
100,50,101200,183300
100,50,101900,182900
100,50,101400,180000
100,50,104500,182900
100,50,111100,189800
100,50,108600,191100
100,50,102100,183000
100,50,103800,184700
100,50,108800,182200
100,50,103200,196300
100,50,101700,178100
100,50,104600,184200
100,50,102700,184300
100,50,101000,181800
100,50,101600,180400
100,50,136000,206700
100,50,115600,250700
100,50,102200,182200
100,50,109100,185200
100,50,103600,183900
100,50,113300,189000
100,50,111400,185300
100,50,103700,178900
100,50,101500,181500
100,50,104200,184700
100,50,104200,182000
100,50,104000,252500
100,50,106100,183200
100,50,104400,184800
100,50,102300,181400
100,50,101900,183000
100,50,105200,185300
100,50,104800,179200
100,50,106700,182700
100,50,114600,180900
100,50,145300,180900
100,50,105800,184500
100,50,102300,182500
100,50,102100,183700
100,50,106400,183200
100,50,103000,178200
100,50,102600,182600
100,50,103700,185200
100,50,103600,183000
100,50,103000,181000
100,50,111800,184400
100,50,103500,178200
100,50,102300,179800
100,50,103500,183000
100,50,103000,182400
100,50,103000,179900
100,50,105900,179300
100,50,104700,185400
100,50,101100,181900
100,50,103600,185400
100,50,106600,181700
100,50,102800,181500
100,50,106400,182500
100,50,103900,181700
100,50,105100,180200
100,50,101300,180200
100,50,101200,185500
100,50,104400,183700
100,50,103200,181000
100,50,103100,180000
100,50,111500,187100
100,50,102000,182200
100,50,103100,185400
100,50,103800,180300
100,50,103500,184500
100,50,118500,193400
100,50,103000,182600
100,50,104000,182400
100,50,101400,180700
100,50,102400,339500
100,50,106400,183000
100,50,103400,180000
100,50,106300,183500
100,50,102000,177300
100,50,104400,184500
100,50,108100,182400
100,50,107500,184000
100,50,108400,182500
100,50,107900,194700
100,50,106000,180000
100,50,103500,184200
100,50,112800,186300
100,50,110000,195700
100,75,130600,184600
100,75,128600,181900
100,75,126900,182700
100,75,165800,181000
100,75,132800,180700
100,75,126800,184600
100,75,132100,184300
100,75,128800,182800
100,75,127500,181500
100,75,133300,180700
100,75,129800,182800
100,75,126000,179200
100,75,125900,201100
100,75,131800,186200
100,75,129400,180900
100,75,131000,181300
100,75,128500,183100
100,75,137000,186700
100,75,130900,181200
100,75,137400,197600
100,75,133000,181400
100,75,132500,179400
100,75,132300,182400
100,75,129400,181700
100,75,129000,184000
100,75,126900,180800
100,75,126700,181900
100,75,125800,181500
100,75,139800,184200
100,75,129600,187800
100,75,127900,182600
100,75,131400,182000
100,75,134100,183600
100,75,130100,179900
100,75,129900,182600
100,75,128000,185800
100,75,227900,189300
100,75,139900,197200
100,75,128400,181900
100,75,142500,184100
100,75,134000,181100
100,75,128700,184500
100,75,130700,182800
100,75,139400,183400
100,75,129800,180500
100,75,127900,181700
100,75,130500,183700
100,75,129800,180900
100,75,128600,182300
100,75,137600,181700
100,75,144500,180800
100,75,126200,184000
100,75,126300,181400
100,75,134300,200800
100,75,128900,179300
100,75,127400,181600
100,75,127800,181000
100,75,126600,205800
100,75,132800,182600
100,75,131600,186700
100,75,129400,182200
100,75,134200,183000
100,75,130000,182700
100,75,128100,184000
100,75,139800,203600
100,75,128100,185900
100,75,128900,182400
100,75,128000,180200
100,75,129800,184500
100,75,127200,181700
100,75,126500,185500
100,75,126300,184700
100,75,134200,184100
100,75,128500,178800
100,75,134900,182800
100,75,126200,182400
100,75,129200,186600
100,75,127800,181200
100,75,129300,189100
100,75,132200,179200
100,75,130600,183100
100,75,131500,183800
100,75,127700,183800
100,75,128700,179600
100,75,129300,182300
100,75,126400,181400
100,75,128100,184100
100,75,163800,184100
100,75,126100,182500
100,75,127500,182300
100,75,129800,183100
100,75,128500,178900
100,75,131700,183200
100,75,125700,183100
100,75,122800,179500
100,75,132500,186100
100,75,128600,179200
100,75,134100,190100
100,75,129700,182000
100,75,126000,182500
100,99,157600,171600
100,99,166100,168400
100,99,152900,165600
100,99,155800,164900
100,99,154100,168100
100,99,161600,179000
100,99,150000,163900
100,99,162200,164400
100,99,151600,168000
100,99,152700,173000
100,99,150000,170100
100,99,165900,165600
100,99,158400,164300
100,99,155400,167600
100,99,159100,169500
100,99,156900,165400
100,99,155100,170400
100,99,152200,168200
100,99,151900,167200
100,99,153600,165800
100,99,153700,167100
100,99,153400,164700
100,99,167200,644100
100,99,154800,166300
100,99,152900,167900
100,99,152500,169400
100,99,150100,165400
100,99,153600,169500
100,99,156200,176300
100,99,156500,166500
100,99,150500,169200
100,99,153500,163000
100,99,159800,164800
100,99,149600,165200
100,99,150000,168300
100,99,148300,165200
100,99,157200,167600
100,99,157400,169400
100,99,154700,170200
100,99,152000,169400
100,99,151500,167600
100,99,152600,164000
100,99,158800,167900
100,99,149600,166500
100,99,156400,167400
100,99,164700,167600
100,99,150700,169000
100,99,150900,164700
100,99,159300,162900
100,99,151800,167400
100,99,150300,165100
100,99,155800,167400
100,99,155700,179700
100,99,155200,169300
100,99,150800,170200
100,99,155700,165400
100,99,163500,164800
100,99,156400,166900
100,99,151100,170600
100,99,151800,170800
100,99,161400,165400
100,99,154900,238500
100,99,160300,173100
100,99,151500,167100
100,99,151900,164900
100,99,154300,166300
100,99,149200,167000
100,99,153100,168000
100,99,153100,168300
100,99,162000,166000
100,99,235100,164900
100,99,150000,167600
100,99,155200,166900
100,99,158300,180400
100,99,152300,167600
100,99,150900,186800
100,99,149400,215000
100,99,159400,165800
100,99,170800,167900
100,99,151100,165000
100,99,156800,164300
100,99,153300,168500
100,99,152500,315100
100,99,150300,166400
100,99,168300,164700
100,99,152600,166500
100,99,149100,167500
100,99,152500,168500
100,99,154900,170900
100,99,152600,165400
100,99,154000,163600
100,99,154700,167100
100,99,153200,167500
100,99,151000,167600
100,99,153800,179400
100,99,154900,176500
100,99,161700,167900
100,99,158500,167700
100,99,152400,167500
100,99,155800,164200
