1000
-766
-676
299
-793
24
797
636
438
-917
-837
575
288
758
842
238
-627
886
-52
-660
-949
-931
830
-274
4
-268
-839
790
-574
-986
421
-108
-597
523
938
-594
154
39
-163
-562
-104
-632
49
732
-19
-316
-493
351
-512
-738
-490
793
20
-605
542
555
785
-835
-492
-605
326
452
-923
-596
-383
98
995
358
-400
-522
-740
-578
-292
667
-383
-815
185
-631
805
-77
813
766
30
130
-996
812
-410
141
-886
831
-305
927
-265
-167
582
-700
762
930
306
-298
-117
613
43
71
814
62
722
820
990
882
689
-250
-713
385
-387
-430
380
-556
-403
255
-689
-827
-656
-740
174
978
-222
-647
841
-763
213
-879
882
-451
-88
-620
969
-84
744
-133
-945
91
953
655
-284
-814
-501
863
-612
-89
-674
-46
376
-598
-789
-947
-32
293
-83
107
929
326
399
20
-867
77
136
184
892
926
586
647
-53
158
492
118
412
-801
-352
-606
813
456
967
694
372
-919
658
831
-103
478
-33
-734
639
425
-996
-869
548
-811
-440
486
442
187
837
613
-495
708
152
-549
566
908
864
-430
78
-291
-122
698
-475
-118
-39
-112
-195
420
-81
-563
-725
-18
-690
-842
-126
-844
492
518
935
-708
756
887
814
362
380
-691
377
487
727
805
-867
-13
989
31
337
691
-526
-122
340
-241
-429
402
311
80
395
-308
252
-427
495
-198
-434
-131
587
391
318
928
-821
-776
-370
598
-424
803
-448
190
-356
504
473
-54
633
-114
-861
-349
73
549
409
779
-43
-79
-296
-576
794
-84
-897
-237
-296
612
-979
-455
-462
-140
-339
389
-152
647
-68
-436
114
-865
-442
613
923
896
341
82
29
510
-962
41
-984
-215
539
18
-829
-18
159
-5
-855
-827
532
366
864
-844
-131
-632
-338
300
652
-2
85
-433
153
433
714
-44
-212
372
-623
-938
-656
415
222
-155
151
-628
-32
534
-911
-756
-895
758
584
-992
-999
-975
-848
724
-153
-165
-984
45
-433
296
249
329
433
790
633
-155
-803
-771
179
504
-931
933
-584
-719
276
-812
-683
-939
313
252
426
-732
-66
840
-94
585
-942
-15
838
763
-7
-243
350
-964
884
106
-489
839
-506
-859
-57
-811
-273
941
216
-473
-447
933
-188
887
-521
-997
-504
-265
-197
104
-4
-755
916
639
-270
306
-620
-765
79
-344
510
-49
490
724
-767
99
-3
-164
632
979
-800
-893
-437
166
881
-338
-8
857
728
-933
761
264
-472
-774
-897
564
71
175
-329
-552
34
-633
850
960
-727
596
-684
-1000
-3
-296
843
-150
-187
156
-580
772
-748
988
-374
-805
-350
719
-90
530
-252
-206
-962
704
591
955
-994
14
-191
869
-608
-992
454
569
805
811
-556
-678
-249
709
473
-942
329
-540
-739
-669
74
321
356
670
141
-923
78
717
-890
-395
-772
506
-493
-644
930
905
-796
496
-221
-119
444
-137
-731
-596
-93
972
-425
641
-692
-882
-787
92
29
884
222
-43
-80
-671
-624
942
460
698
-789
481
-762
322
276
-637
-762
448
885
-343
-436
-331
-462
808
-17
-857
969
-522
-380
46
999
-132
-115
772
635
-434
-50
-714
261
-388
486
-186
460
957
-184
-703
320
454
-432
-337
-547
781
105
175
-676
597
-761
-623
-876
-844
469
847
108
33
-232
-602
876
447
-153
-741
-262
-154
-668
-190
-994
596
-299
-904
502
587
-216
449
-920
-45
-713
600
429
-296
-974
515
369
962
916
121
-662
-669
129
428
552
38
-393
-736
-658
-322
-356
918
-634
662
423
-112
-389
724
-264
108
694
231
-787
21
-791
-864
790
-669
854
-473
-17
-506
-531
-713
261
295
144
-585
517
-715
477
637
318
111
297
-449
-675
452
-484
-961
-190
-43
321
-966
917
-822
39
-23
976
-524
780
602
-598
926
-516
-575
-315
154
-531
225
-807
58
129
-594
506
454
-117
798
-695
830
-84
509
-504
413
375
-393
-209
-511
134
413
-542
-783
-289
-700
-466
-199
-390
-558
366
14
-42
-203
578
-705
486
729
-842
461
-273
-38
452
-589
576
-201
515
357
-902
-683
-385
-589
-361
601
976
401
413
-441
-95
-378
666
592
848
-231
-181
-948
-116
92
948
-407
-25
853
611
-948
6
966
-293
-344
305
376
-149
547
105
-430
269
-756
112
-609
17
134
169
737
244
503
704
-123
922
-60
-126
211
-50
424
-143
471
-59
699
991
-410
938
-341
54
-891
436
721
340
333
509
173
160
685
-994
-355
494
972
-626
-248
-127
657
55
881
473
723
-402
203
89
398
794
-923
760
-365
-412
-170
806
-552
-800
-624
-685
668
-373
-724
91
-452
-102
-493
684
334
-833
-34
731
859
293
-725
242
682
745
-702
-55
578
-315
-414
-369
-201
469
-397
259
-439
-229
167
-991
-320
-318
-307
-899
-601
-422
183
-12
-838
-839
992
229
-686
300
827
719
685
-458
-350
-195
-791
-704
-55
-561
-746
9
99
-621
-649
-103
268
-169
423
-741
681
-877
953
-656
755
-914
738
-134
59
-653
299
800
624
282
802
-968
383
993
-617
196
-695
-186
649
113
-77
-943
462
-269
496
-699
-912
-429
-23
-300
-784
-119
91
6
372
-601
252
-152
527
-965
-154
971
-212
-432
-423
929
343
293
508
500
-371
789
-14
455
29
-511
-834
-422
531
-754
999
-290
-100
913
-709
466
441
-470
